================================
È«Çòºþ²´±ß½çÏß
================================
13
160   ºþ²´Ïß1
    61.450     44.733
    61.483     44.767
    61.500     44.733
    61.567     44.833
    61.600     44.833
    61.600     44.800
    61.633     44.800
    61.667     44.883
    61.700     44.850
    61.733     44.883
    61.767     44.867
    61.750     44.900
    61.817     44.950
    61.867     44.950
    61.850     44.967
    61.850     44.983
    61.917     44.983
    61.917     44.967
    61.950     44.967
    61.933     45.017
    61.967     45.017
    61.967     45.050
    61.833     45.017
    61.817     45.050
    61.833     45.117
    61.750     45.033
    61.733     44.983
    61.733     45.000
    61.750     45.033
    61.717     45.050
    61.717     45.100
    61.750     45.100
    61.750     45.150
    61.783     45.167
    61.817     45.133
    61.850     45.150
    61.767     45.183
    61.733     45.150
    61.717     45.217
    61.683     45.183
    61.700     45.167
    61.650     45.133
    61.617     45.183
    61.550     45.167
    61.533     45.150
    61.500     45.183
    61.517     45.233
    61.517     45.300
    61.483     45.333
    61.367     45.383
    61.350     45.450
    61.300     45.483
    61.250     45.483
    61.250     45.517
    61.233     45.550
    61.300     45.567
    61.283     45.600
    61.300     45.617
    61.267     45.650
    61.267     45.667
    61.167     45.700
    61.167     45.733
    61.150     45.767
    61.150     45.733
    61.133     45.717
    61.033     45.700
    60.967     45.617
    60.933     45.633
    60.917     45.683
    60.917     45.717
    60.933     45.733
    60.983     45.733
    61.050     45.800
    61.000     45.867
    61.033     45.850
    61.100     45.867
    61.133     45.900
    61.033     45.900
    61.083     45.933
    61.033     45.967
    61.067     46.017
    61.017     46.017
    60.983     46.067
    60.917     46.083
    60.900     46.100
    61.033     46.133
    61.150     46.100
    61.200     46.150
    61.233     46.150
    61.267     46.200
    61.233     46.217
    61.250     46.233
    61.267     46.250
    61.267     46.250
    61.300     46.250
    61.300     46.267
    61.267     46.283
    61.317     46.333
    61.333     46.300
    61.367     46.317
    61.400     46.483
    61.417     46.483
    61.450     46.450
    61.517     46.483
    61.650     46.700
    61.733     46.717
    61.700     46.750
    61.650     46.783
    61.550     46.783
    61.583     46.817
    61.567     46.867
    61.500     46.850
    61.500     46.800
    61.333     46.767
    61.300     46.750
    61.317     46.700
    61.300     46.667
    61.150     46.667
    61.150     46.633
    61.200     46.650
    61.217     46.633
    61.183     46.583
    61.200     46.517
    61.117     46.483
    60.900     46.483
    60.867     46.517
    60.850     46.550
    60.817     46.583
    60.850     46.667
    60.917     46.700
    60.900     46.750
    60.817     46.783
    60.683     46.767
    60.583     46.800
    60.550     46.800
    60.517     46.767
    60.500     46.800
    60.483     46.800
    60.450     46.750
    60.450     46.733
    60.500     46.750
    60.533     46.733
    60.583     46.733
    60.717     46.650
    60.633     46.583
    60.567     46.583
    60.500     46.650
    60.433     46.600
    60.417     46.633
    60.433     46.650
    60.400     46.667
    60.400     46.717
    60.367     46.700
    60.383     46.667
    60.333     46.700
    60.317     46.733
    60.233     46.717
    60.100     46.633
    60.033     46.617
    60.000     46.600
6   ºþ²´Ïß1
    60.017     46.383
    60.033     46.350
    60.083     46.317
    60.083     46.283
    60.117     46.267
    60.117     46.233
128   ºþ²´Ïß1
    60.017     43.483
    60.050     43.483
    60.100     43.517
    60.100     43.500
    60.100     43.483
    60.150     43.467
    60.183     43.483
    60.183     43.583
    60.233     43.567
    60.350     43.600
    60.367     43.600
    60.367     43.583
    60.367     43.583
    60.400     43.633
    60.433     43.633
    60.417     43.583
    60.467     43.583
    60.467     43.567
    60.483     43.617
    60.517     43.583
    60.517     43.633
    60.517     43.633
    60.550     43.600
    60.567     43.550
    60.633     43.600
    60.667     43.583
    60.700     43.583
    60.700     43.617
    60.733     43.600
    60.733     43.617
    60.767     43.583
    60.800     43.667
    60.817     43.650
    60.800     43.600
    60.850     43.600
    60.850     43.583
    60.900     43.600
    60.883     43.650
    60.900     43.683
    60.933     43.683
    60.983     43.633
    61.017     43.633
    61.033     43.650
    61.000     43.667
    61.000     43.700
    61.000     43.733
    61.050     43.800
    61.000     43.783
    61.000     43.800
    61.000     43.833
    60.950     43.817
    60.933     43.850
    60.900     43.833
    60.900     43.800
    60.867     43.850
    60.900     43.883
    60.850     43.900
    60.850     43.933
    60.817     43.867
    60.783     43.883
    60.767     43.867
    60.750     43.883
    60.750     43.933
    60.733     43.967
    60.733     44.017
    60.733     44.033
    60.783     44.000
    60.817     44.033
    60.833     44.017
    60.850     44.017
    60.867     44.067
    60.883     44.067
    60.900     44.217
    60.950     44.217
    60.967     44.183
    60.983     44.217
    60.967     44.333
    61.000     44.317
    61.033     44.233
    61.017     44.167
    61.067     44.167
    61.100     44.100
    61.083     44.217
    61.050     44.233
    61.033     44.350
    61.050     44.383
    61.067     44.350
    61.067     44.333
    61.083     44.317
    61.100     44.233
    61.133     44.217
    61.133     44.183
    61.150     44.217
    61.117     44.283
    61.133     44.333
    61.167     44.333
    61.183     44.283
    61.183     44.333
    61.167     44.350
    61.183     44.400
    61.217     44.400
    61.233     44.383
    61.233     44.450
    61.150     44.400
    61.117     44.433
    61.133     44.450
    61.167     44.483
    61.133     44.500
    61.117     44.533
    61.067     44.533
    61.083     44.567
    61.117     44.583
    61.117     44.600
    61.167     44.567
    61.167     44.600
    61.217     44.617
    61.200     44.633
    61.133     44.633
    61.117     44.650
    61.167     44.667
    61.183     44.650
    61.233     44.683
    61.267     44.633
    61.283     44.633
    61.283     44.650
    61.300     44.667
    61.417     44.683
    61.450     44.733
345   ºþ²´Ïß2
    74.183     46.433
    74.217     46.433
    74.233     46.450
    74.283     46.483
    74.367     46.500
    74.417     46.567
    74.533     46.600
    74.567     46.717
    74.583     46.750
    74.617     46.733
    74.633     46.733
    74.617     46.767
    74.850     46.767
    74.883     46.817
    74.933     46.800
    74.950     46.817
    74.967     46.833
    75.000     46.817
    74.967     46.783
    75.000     46.767
    75.067     46.800
    75.067     46.850
    75.083     46.850
    75.117     46.783
    75.300     46.717
    75.500     46.733
    75.700     46.800
    75.717     46.783
    75.750     46.800
    75.833     46.783
    75.850     46.800
    75.917     46.833
    75.950     46.817
    75.933     46.800
    75.967     46.783
    75.950     46.767
    76.000     46.767
    76.050     46.800
    76.067     46.783
    76.100     46.800
    76.167     46.800
    76.367     46.733
    76.383     46.667
    76.400     46.633
    76.400     46.650
    76.517     46.617
    76.533     46.650
    76.600     46.667
    76.683     46.650
    76.717     46.683
    76.733     46.650
    76.717     46.633
    76.933     46.567
    76.833     46.650
    76.850     46.683
    76.933     46.633
    77.000     46.650
    77.067     46.633
    77.133     46.550
    77.233     46.550
    77.250     46.583
    77.283     46.617
    77.400     46.617
    77.483     46.650
    77.533     46.633
    77.633     46.633
    77.650     46.633
    77.617     46.667
    77.667     46.650
    77.700     46.667
    77.750     46.650
    77.883     46.650
    77.933     46.633
    78.050     46.583
    78.117     46.617
    78.150     46.600
    78.183     46.550
    78.233     46.550
    78.250     46.483
    78.317     46.450
    78.333     46.500
    78.367     46.533
    78.350     46.600
    78.350     46.667
    78.383     46.667
    78.383     46.600
    78.417     46.600
    78.400     46.633
    78.450     46.667
    78.467     46.667
    78.433     46.633
    78.467     46.600
    78.500     46.667
    78.600     46.750
    78.767     46.717
    78.817     46.667
    78.800     46.617
    78.917     46.617
    78.933     46.633
    78.817     46.700
    78.767     46.750
    78.783     46.783
    78.883     46.800
    78.933     46.783
    78.967     46.750
    79.017     46.733
    79.017     46.783
    79.017     46.817
    79.033     46.817
    79.167     46.800
    79.233     46.717
    79.250     46.667
    79.233     46.617
    79.083     46.600
    79.067     46.467
    78.933     46.367
    78.883     46.367
    78.733     46.383
    78.667     46.367
    78.600     46.383
    78.550     46.400
    78.517     46.400
    78.450     46.400
    78.417     46.367
    78.417     46.333
    78.483     46.317
    78.433     46.283
    78.400     46.283
    78.383     46.333
    78.317     46.367
    78.283     46.350
    78.267     46.333
    78.117     46.350
    78.117     46.333
    78.183     46.317
    78.183     46.317
    78.050     46.317
    77.850     46.433
    77.767     46.417
    77.750     46.417
    77.833     46.400
    77.767     46.400
    77.700     46.367
    77.733     46.400
    77.600     46.400
    77.417     46.500
    77.333     46.483
    77.250     46.450
    77.233     46.467
    77.167     46.483
    77.100     46.450
    77.033     46.450
    76.933     46.467
    76.917     46.450
    76.900     46.467
    76.767     46.517
    76.683     46.533
    76.600     46.533
    76.450     46.533
    76.400     46.533
    76.333     46.567
    76.267     46.567
    76.283     46.567
    76.250     46.567
    76.250     46.533
    76.233     46.550
    76.200     46.550
    76.200     46.517
    76.100     46.533
    76.067     46.550
    76.050     46.533
    76.083     46.517
    76.067     46.500
    76.033     46.517
    75.933     46.500
    75.967     46.517
    75.950     46.533
    75.900     46.550
    75.850     46.517
    75.767     46.500
    75.767     46.517
    75.683     46.517
    75.667     46.483
    75.650     46.500
    75.550     46.467
    75.533     46.483
    75.583     46.500
    75.583     46.517
    75.517     46.550
    75.467     46.617
    75.517     46.650
    75.517     46.617
    75.567     46.617
    75.550     46.633
    75.583     46.667
    75.467     46.667
    75.400     46.600
    75.467     46.483
    75.433     46.483
    75.433     46.483
    75.400     46.483
    75.367     46.450
    75.333     46.483
    75.350     46.517
    75.317     46.533
    75.267     46.517
    75.250     46.500
    75.283     46.483
    75.250     46.483
    75.283     46.450
    75.217     46.417
    75.150     46.433
    75.133     46.417
    75.083     46.433
    75.150     46.483
    75.117     46.483
    75.083     46.467
    75.050     46.400
    75.000     46.383
    74.917     46.417
    74.900     46.400
    74.867     46.333
    74.850     46.267
    74.783     46.183
    74.817     46.133
    74.783     46.100
    74.717     46.067
    74.700     46.083
    74.667     46.083
    74.617     46.050
    74.617     46.033
    74.583     46.017
    74.567     46.000
    74.550     46.017
    74.517     45.983
    74.500     45.983
    74.433     46.033
    74.350     46.017
    74.300     46.017
    74.233     45.983
    74.233     45.950
    74.267     45.900
    74.317     45.783
    74.283     45.750
    74.283     45.767
    74.233     45.767
    74.233     45.717
    74.283     45.717
    74.333     45.700
    74.333     45.667
    74.317     45.650
    74.250     45.683
    74.250     45.667
    74.267     45.650
    74.267     45.617
    74.100     45.550
    74.067     45.500
    74.100     45.467
    74.067     45.417
    74.100     45.367
    74.067     45.333
    74.100     45.317
    74.150     45.333
    74.150     45.350
    74.167     45.333
    74.133     45.183
    74.167     45.083
    74.117     45.050
    74.067     45.050
    74.083     45.017
    74.133     45.033
    74.117     45.000
    74.133     44.983
    74.133     44.967
    74.100     44.983
    74.000     45.000
    74.000     45.033
    74.033     45.050
    73.983     45.100
    73.983     45.133
    74.033     45.133
    74.000     45.150
    74.000     45.183
    73.983     45.200
    74.000     45.217
    73.883     45.217
    73.867     45.250
    73.800     45.283
    73.817     45.300
    73.733     45.350
    73.767     45.350
    73.700     45.383
    73.633     45.500
    73.533     45.567
    73.467     45.567
    73.433     45.583
    73.450     45.683
    73.500     45.667
    73.517     45.683
    73.517     45.717
    73.567     45.750
    73.433     45.783
    73.417     45.800
    73.467     45.817
    73.483     45.833
    73.517     45.817
    73.583     45.800
    73.600     45.867
    73.617     45.867
    73.600     45.883
    73.633     45.883
    73.650     45.917
    73.633     45.933
    73.683     45.967
    73.650     45.967
    73.650     45.983
    73.750     45.967
    73.733     45.983
    73.733     46.017
    73.633     46.083
    73.650     46.117
    73.633     46.133
    73.667     46.150
    73.683     46.183
    73.733     46.183
    73.750     46.233
    73.783     46.217
    73.783     46.200
    73.833     46.167
    73.850     46.200
    73.883     46.200
    73.933     46.200
    73.967     46.183
    74.000     46.183
    74.050     46.217
    74.000     46.217
    74.000     46.250
    73.983     46.267
    73.950     46.250
    73.950     46.300
    73.983     46.317
    73.983     46.333
    74.083     46.417
    74.150     46.450
    74.200     46.433
61   ºþ²´Ïß3
    78.000     42.717
    78.200     42.750
    78.300     42.733
    78.267     42.733
    78.250     42.717
    78.200     42.717
    78.167     42.667
    78.117     42.667
    78.083     42.617
    78.100     42.600
    78.233     42.583
    78.300     42.600
    78.317     42.583
    78.317     42.567
    78.117     42.567
    78.033     42.483
    77.850     42.433
    77.817     42.417
    77.817     42.400
    77.883     42.383
    77.917     42.367
    77.833     42.350
    77.800     42.283
    77.683     42.200
    77.550     42.183
    77.500     42.167
    77.467     42.167
    77.467     42.167
    77.367     42.167
    77.283     42.167
    77.067     42.150
    76.967     42.183
    76.933     42.167
    76.917     42.183
    76.817     42.217
    76.750     42.250
    76.567     42.267
    76.400     42.333
    76.350     42.333
    76.317     42.317
    76.267     42.317
    76.200     42.383
    76.217     42.400
    76.183     42.450
    76.200     42.467
    76.300     42.483
    76.450     42.467
    76.500     42.500
    76.617     42.517
    76.650     42.550
    76.683     42.567
    76.983     42.617
    77.017     42.600
    77.067     42.633
    77.167     42.650
    77.233     42.650
    77.350     42.683
    77.500     42.650
    77.800     42.717
    77.850     42.717
    78.033     42.717
191   ºþ²´Ïß8
   109.483     55.717
   109.517     55.750
   109.600     55.767
   109.817     55.733
   109.783     55.750
   109.617     55.783
   109.633     55.783
   109.700     55.783
   109.750     55.767
   109.800     55.783
   109.867     55.750
   109.867     55.717
   109.967     55.667
   109.833     55.550
   109.883     55.533
   109.850     55.500
   109.850     55.467
   109.900     55.467
   109.850     55.450
   109.817     55.350
   109.767     55.300
   109.800     55.233
   109.733     55.150
   109.750     55.133
   109.750     55.100
   109.783     55.033
   109.717     54.983
   109.717     54.917
   109.667     54.867
   109.683     54.833
   109.633     54.800
   109.633     54.683
   109.550     54.650
   109.517     54.617
   109.517     54.433
   109.483     54.383
   109.517     54.333
   109.467     54.300
   109.567     54.150
   109.517     54.117
   109.467     54.017
   109.267     53.883
   109.217     53.817
   109.183     53.800
   109.183     53.783
   109.217     53.750
   109.183     53.683
   109.217     53.667
   109.167     53.617
   109.033     53.617
   108.983     53.633
   109.033     53.667
   109.083     53.733
   109.017     53.767
   109.067     53.817
   109.033     53.867
   108.900     53.850
   108.800     53.783
   108.667     53.617
   108.533     53.517
   108.567     53.517
   108.667     53.550
   108.867     53.600
   108.900     53.583
   108.983     53.500
   109.000     53.400
   108.967     53.350
   108.850     53.317
   108.817     53.283
   108.750     53.267
   108.683     53.300
   108.617     53.283
   108.450     53.200
   108.433     53.167
   108.300     53.100
   108.300     53.067
   108.333     53.050
   108.333     53.017
   108.183     52.917
   108.000     52.833
   107.967     52.783
   107.800     52.717
   107.533     52.700
   107.417     52.667
   107.333     52.617
   107.133     52.567
   106.900     52.450
   106.867     52.383
   106.817     52.317
   106.783     52.317
   106.733     52.333
   106.650     52.367
   106.550     52.383
   106.467     52.367
   106.400     52.333
   106.333     52.333
   106.233     52.250
   106.283     52.133
   106.250     52.083
   106.233     52.100
   106.217     52.050
   106.167     52.000
   106.200     51.950
   106.100     51.900
   106.067     51.867
   106.000     51.817
   105.917     51.733
   105.850     51.733
   105.800     51.700
   105.533     51.650
   105.383     51.600
   105.133     51.567
   104.933     51.533
   104.883     51.500
   104.767     51.467
   104.633     51.483
   104.517     51.467
   104.417     51.500
   104.267     51.500
   103.933     51.600
   103.850     51.617
   103.717     51.683
   103.717     51.700
   103.733     51.717
   104.083     51.750
   104.400     51.800
   104.633     51.783
   104.750     51.867
   104.983     51.867
   105.083     51.900
   105.233     51.917
   105.300     51.983
   105.450     52.033
   105.583     52.117
   105.667     52.183
   105.700     52.233
   105.950     52.467
   106.167     52.567
   106.433     52.633
   106.583     52.733
   106.567     52.767
   106.617     52.767
   106.650     52.817
   106.767     52.867
   106.800     52.933
   106.917     52.983
   106.850     53.033
   106.783     53.017
   106.733     53.017
   106.833     53.083
   106.883     53.100
   106.900     53.133
   106.983     53.167
   107.017     53.217
   107.150     53.283
   107.533     53.433
   107.567     53.467
   107.550     53.500
   107.650     53.633
   108.017     53.817
   108.067     53.833
   108.200     53.917
   108.233     54.000
   108.283     54.050
   108.300     54.150
   108.383     54.183
   108.467     54.283
   108.500     54.300
   108.583     54.483
   108.733     54.600
   108.817     54.717
   108.850     54.783
   108.850     54.817
   108.917     54.850
   108.950     54.917
   108.900     54.950
   109.033     55.033
   109.100     55.050
   109.117     55.100
   109.183     55.183
   109.200     55.317
   109.217     55.383
   109.183     55.433
   109.200     55.450
   109.167     55.467
   109.200     55.550
   109.233     55.583
   109.350     55.617
   109.367     55.650
   109.433     55.683
   109.500     55.750
328   ºþ²´Ïß9
   102.233     56.200
   102.267     56.217
   102.300     56.233
   102.283     56.250
   102.233     56.250
   102.250     56.283
   102.383     56.233
   102.500     56.250
   102.450     56.267
   102.500     56.283
   102.483     56.317
   102.450     56.350
   102.500     56.367
   102.533     56.317
   102.583     56.317
   102.583     56.350
   102.617     56.333
   102.617     56.317
   102.583     56.300
   102.583     56.233
   102.767     56.217
   102.783     56.233
   102.800     56.283
   102.817     56.300
   102.817     56.233
   102.833     56.200
   102.867     56.183
   102.883     56.200
   102.900     56.200
   102.900     56.183
   102.933     56.167
   102.983     56.183
   103.000     56.233
   103.050     56.233
   103.050     56.200
   102.967     56.133
   103.050     56.050
   103.017     56.033
   103.017     55.917
   103.067     55.833
   103.217     55.767
   103.217     55.750
   103.267     55.700
   103.233     55.683
   103.250     55.633
   103.217     55.617
   103.200     55.567
   103.200     55.533
   103.233     55.517
   103.200     55.500
   103.350     55.300
   103.350     55.117
   103.333     55.083
   103.267     55.000
   103.117     54.917
   103.083     54.767
   103.100     54.733
   103.217     54.700
   103.250     54.633
   103.300     54.633
   103.267     54.617
   103.267     54.433
   103.333     54.433
   103.300     54.417
   103.333     54.383
   103.333     54.300
   103.400     54.200
   103.517     54.133
   103.400     54.167
   103.333     54.250
   103.317     54.367
   103.267     54.383
   103.200     54.367
   103.050     54.250
   103.000     54.150
   103.050     54.067
   103.117     54.033
   103.183     53.967
   103.283     53.900
   103.267     53.883
   103.333     53.850
   103.283     53.850
   103.283     53.817
   103.450     53.633
   103.533     53.617
   103.567     53.633
   103.567     53.650
   103.583     53.633
   103.600     53.600
   103.667     53.583
   103.700     53.583
   103.733     53.633
   103.783     53.633
   103.700     53.533
   103.767     53.467
   103.733     53.467
   103.683     53.500
   103.650     53.550
   103.517     53.583
   103.433     53.583
   103.417     53.550
   103.417     53.517
   103.383     53.533
   103.433     53.350
   103.433     53.267
   103.367     53.167
   103.383     53.100
   103.367     53.100
   103.333     53.167
   103.383     53.283
   103.383     53.400
   103.333     53.533
   103.350     53.650
   103.333     53.700
   103.300     53.717
   103.100     53.733
   102.917     53.783
   102.817     53.783
   102.917     53.817
   103.167     53.750
   103.250     53.750
   103.250     53.767
   103.217     53.867
   103.150     53.967
   103.067     54.000
   103.067     54.017
   102.983     54.067
   102.967     54.150
   103.017     54.250
   103.150     54.367
   103.117     54.417
   103.050     54.433
   103.133     54.433
   103.200     54.383
   103.250     54.433
   103.217     54.650
   103.183     54.683
   103.067     54.733
   103.050     54.800
   103.083     54.917
   103.250     55.033
   103.317     55.133
   103.317     55.300
   103.267     55.383
   103.150     55.483
   103.183     55.617
   103.183     55.717
   103.083     55.800
   102.983     55.833
   102.950     55.950
   102.967     55.983
   102.950     56.033
   102.883     56.100
   102.833     56.133
   102.783     56.083
   102.767     56.100
   102.783     56.133
   102.767     56.150
   102.650     56.150
   102.617     56.150
   102.583     56.150
   102.533     56.167
   102.517     56.150
   102.450     56.150
   102.517     56.100
   102.483     56.100
   102.433     56.133
   102.400     56.117
   102.383     56.100
   102.533     56.050
   102.550     56.017
   102.417     56.067
   102.350     56.067
   102.333     56.133
   102.183     56.100
   102.217     56.067
   102.117     56.067
   102.167     56.033
   102.067     56.067
   102.000     56.050
   102.017     56.033
   101.950     56.017
   101.950     56.000
   102.000     56.000
   102.000     55.983
   102.017     55.983
   101.983     55.967
   102.017     55.933
   101.967     55.900
   101.967     55.867
   101.850     55.817
   101.850     55.750
   101.917     55.733
   101.950     55.717
   102.050     55.717
   102.083     55.733
   102.167     55.683
   102.167     55.667
   101.983     55.683
   101.950     55.683
   102.133     55.600
   102.200     55.617
   102.367     55.583
   102.400     55.550
   102.383     55.483
   102.283     55.417
   102.333     55.333
   102.283     55.283
   102.367     55.317
   102.417     55.300
   102.433     55.283
   102.417     55.250
   102.283     55.250
   102.350     55.183
   102.333     55.150
   102.233     55.117
   102.250     55.100
   102.233     55.067
   102.133     55.050
   102.083     55.033
   102.067     55.033
   102.100     55.067
   102.200     55.083
   102.167     55.117
   102.183     55.133
   102.300     55.167
   102.267     55.217
   102.267     55.250
   102.417     55.283
   102.383     55.300
   102.300     55.267
   102.250     55.283
   102.317     55.333
   102.250     55.433
   102.283     55.450
   102.350     55.483
   102.333     55.533
   102.183     55.533
   102.183     55.517
   102.217     55.500
   102.217     55.483
   102.167     55.500
   101.983     55.467
   101.850     55.433
   101.850     55.433
   101.850     55.400
   101.817     55.417
   101.733     55.400
   101.817     55.417
   101.733     55.450
   101.733     55.467
   101.667     55.483
   101.667     55.483
   101.733     55.483
   101.867     55.467
   101.950     55.483
   102.033     55.500
   102.117     55.517
   102.133     55.533
   101.850     55.583
   101.867     55.600
   101.800     55.633
   101.800     55.683
   101.767     55.683
   101.817     55.717
   101.817     55.783
   101.733     55.800
   101.733     55.833
   101.700     55.833
   101.617     55.833
   101.617     55.850
   101.500     55.867
   101.483     55.883
   101.550     55.900
   101.500     55.917
   101.467     55.950
   101.400     55.950
   101.417     55.900
   101.350     55.883
   101.367     55.917
   101.350     55.933
   101.183     56.000
   101.267     56.000
   101.383     55.967
   101.467     55.983
   101.650     55.900
   101.583     55.983
   101.617     55.983
   101.617     55.983
   101.667     55.983
   101.683     55.933
   101.700     55.917
   101.750     55.967
   101.717     55.983
   101.750     56.000
   101.750     56.000
   101.683     56.050
   101.817     56.033
   101.750     56.067
   101.767     56.083
   101.600     56.100
   101.667     56.117
   101.667     56.150
   101.733     56.167
   101.683     56.217
   101.683     56.267
   101.733     56.283
   101.800     56.283
   101.833     56.267
   101.817     56.217
   101.850     56.200
   101.933     56.217
   101.967     56.267
   102.033     56.250
   102.033     56.233
   101.983     56.233
   101.967     56.200
   101.900     56.200
   101.950     56.167
   101.850     56.167
   101.883     56.150
   101.783     56.133
   101.783     56.117
   101.867     56.083
   101.900     56.117
   102.117     56.167
   102.117     56.183
   102.233     56.200
191   ºþ²´Ïß12
   109.483     55.717
   109.517     55.750
   109.600     55.767
   109.817     55.733
   109.783     55.750
   109.617     55.783
   109.633     55.783
   109.700     55.783
   109.750     55.767
   109.800     55.783
   109.867     55.750
   109.867     55.717
   109.967     55.667
   109.833     55.550
   109.883     55.533
   109.850     55.500
   109.850     55.467
   109.900     55.467
   109.850     55.450
   109.817     55.350
   109.767     55.300
   109.800     55.233
   109.733     55.150
   109.750     55.133
   109.750     55.100
   109.783     55.033
   109.717     54.983
   109.717     54.917
   109.667     54.867
   109.683     54.833
   109.633     54.800
   109.633     54.683
   109.550     54.650
   109.517     54.617
   109.517     54.433
   109.483     54.383
   109.517     54.333
   109.467     54.300
   109.567     54.150
   109.517     54.117
   109.467     54.017
   109.267     53.883
   109.217     53.817
   109.183     53.800
   109.183     53.783
   109.217     53.750
   109.183     53.683
   109.217     53.667
   109.167     53.617
   109.033     53.617
   108.983     53.633
   109.033     53.667
   109.083     53.733
   109.017     53.767
   109.067     53.817
   109.033     53.867
   108.900     53.850
   108.800     53.783
   108.667     53.617
   108.533     53.517
   108.567     53.517
   108.667     53.550
   108.867     53.600
   108.900     53.583
   108.983     53.500
   109.000     53.400
   108.967     53.350
   108.850     53.317
   108.817     53.283
   108.750     53.267
   108.683     53.300
   108.617     53.283
   108.450     53.200
   108.433     53.167
   108.300     53.100
   108.300     53.067
   108.333     53.050
   108.333     53.017
   108.183     52.917
   108.000     52.833
   107.967     52.783
   107.800     52.717
   107.533     52.700
   107.417     52.667
   107.333     52.617
   107.133     52.567
   106.900     52.450
   106.867     52.383
   106.817     52.317
   106.783     52.317
   106.733     52.333
   106.650     52.367
   106.550     52.383
   106.467     52.367
   106.400     52.333
   106.333     52.333
   106.233     52.250
   106.283     52.133
   106.250     52.083
   106.233     52.100
   106.217     52.050
   106.167     52.000
   106.200     51.950
   106.100     51.900
   106.067     51.867
   106.000     51.817
   105.917     51.733
   105.850     51.733
   105.800     51.700
   105.533     51.650
   105.383     51.600
   105.133     51.567
   104.933     51.533
   104.883     51.500
   104.767     51.467
   104.633     51.483
   104.517     51.467
   104.417     51.500
   104.267     51.500
   103.933     51.600
   103.850     51.617
   103.717     51.683
   103.717     51.700
   103.733     51.717
   104.083     51.750
   104.400     51.800
   104.633     51.783
   104.750     51.867
   104.983     51.867
   105.083     51.900
   105.233     51.917
   105.300     51.983
   105.450     52.033
   105.583     52.117
   105.667     52.183
   105.700     52.233
   105.950     52.467
   106.167     52.567
   106.433     52.633
   106.583     52.733
   106.567     52.767
   106.617     52.767
   106.650     52.817
   106.767     52.867
   106.800     52.933
   106.917     52.983
   106.850     53.033
   106.783     53.017
   106.733     53.017
   106.833     53.083
   106.883     53.100
   106.900     53.133
   106.983     53.167
   107.017     53.217
   107.150     53.283
   107.533     53.433
   107.567     53.467
   107.550     53.500
   107.650     53.633
   108.017     53.817
   108.067     53.833
   108.200     53.917
   108.233     54.000
   108.283     54.050
   108.300     54.150
   108.383     54.183
   108.467     54.283
   108.500     54.300
   108.583     54.483
   108.733     54.600
   108.817     54.717
   108.850     54.783
   108.850     54.817
   108.917     54.850
   108.950     54.917
   108.900     54.950
   109.033     55.033
   109.100     55.050
   109.117     55.100
   109.183     55.183
   109.200     55.317
   109.217     55.383
   109.183     55.433
   109.200     55.450
   109.167     55.467
   109.200     55.550
   109.233     55.583
   109.350     55.617
   109.367     55.650
   109.433     55.683
   109.500     55.750
27   ºþ²´Ïß13
   104.400     52.233
   104.433     52.200
   104.467     52.200
   104.467     52.167
   104.517     52.183
   104.483     52.150
   104.567     52.117
   104.667     52.000
   104.800     51.917
   104.717     51.933
   104.667     51.983
   104.617     52.000
   104.517     52.100
   104.500     52.100
   104.467     52.050
   104.433     52.050
   104.467     52.083
   104.433     52.133
   104.450     52.150
   104.417     52.167
   104.383     52.150
   104.400     52.183
   104.383     52.200
   104.350     52.200
   104.333     52.233
   104.333     52.250
   104.400     52.233
328   ºþ²´Ïß14
   102.233     56.200
   102.267     56.217
   102.300     56.233
   102.283     56.250
   102.233     56.250
   102.250     56.283
   102.383     56.233
   102.500     56.250
   102.450     56.267
   102.500     56.283
   102.483     56.317
   102.450     56.350
   102.500     56.367
   102.533     56.317
   102.583     56.317
   102.583     56.350
   102.617     56.333
   102.617     56.317
   102.583     56.300
   102.583     56.233
   102.767     56.217
   102.783     56.233
   102.800     56.283
   102.817     56.300
   102.817     56.233
   102.833     56.200
   102.867     56.183
   102.883     56.200
   102.900     56.200
   102.900     56.183
   102.933     56.167
   102.983     56.183
   103.000     56.233
   103.050     56.233
   103.050     56.200
   102.967     56.133
   103.050     56.050
   103.017     56.033
   103.017     55.917
   103.067     55.833
   103.217     55.767
   103.217     55.750
   103.267     55.700
   103.233     55.683
   103.250     55.633
   103.217     55.617
   103.200     55.567
   103.200     55.533
   103.233     55.517
   103.200     55.500
   103.350     55.300
   103.350     55.117
   103.333     55.083
   103.267     55.000
   103.117     54.917
   103.083     54.767
   103.100     54.733
   103.217     54.700
   103.250     54.633
   103.300     54.633
   103.267     54.617
   103.267     54.433
   103.333     54.433
   103.300     54.417
   103.333     54.383
   103.333     54.300
   103.400     54.200
   103.517     54.133
   103.400     54.167
   103.333     54.250
   103.317     54.367
   103.267     54.383
   103.200     54.367
   103.050     54.250
   103.000     54.150
   103.050     54.067
   103.117     54.033
   103.183     53.967
   103.283     53.900
   103.267     53.883
   103.333     53.850
   103.283     53.850
   103.283     53.817
   103.450     53.633
   103.533     53.617
   103.567     53.633
   103.567     53.650
   103.583     53.633
   103.600     53.600
   103.667     53.583
   103.700     53.583
   103.733     53.633
   103.783     53.633
   103.700     53.533
   103.767     53.467
   103.733     53.467
   103.683     53.500
   103.650     53.550
   103.517     53.583
   103.433     53.583
   103.417     53.550
   103.417     53.517
   103.383     53.533
   103.433     53.350
   103.433     53.267
   103.367     53.167
   103.383     53.100
   103.367     53.100
   103.333     53.167
   103.383     53.283
   103.383     53.400
   103.333     53.533
   103.350     53.650
   103.333     53.700
   103.300     53.717
   103.100     53.733
   102.917     53.783
   102.817     53.783
   102.917     53.817
   103.167     53.750
   103.250     53.750
   103.250     53.767
   103.217     53.867
   103.150     53.967
   103.067     54.000
   103.067     54.017
   102.983     54.067
   102.967     54.150
   103.017     54.250
   103.150     54.367
   103.117     54.417
   103.050     54.433
   103.133     54.433
   103.200     54.383
   103.250     54.433
   103.217     54.650
   103.183     54.683
   103.067     54.733
   103.050     54.800
   103.083     54.917
   103.250     55.033
   103.317     55.133
   103.317     55.300
   103.267     55.383
   103.150     55.483
   103.183     55.617
   103.183     55.717
   103.083     55.800
   102.983     55.833
   102.950     55.950
   102.967     55.983
   102.950     56.033
   102.883     56.100
   102.833     56.133
   102.783     56.083
   102.767     56.100
   102.783     56.133
   102.767     56.150
   102.650     56.150
   102.617     56.150
   102.583     56.150
   102.533     56.167
   102.517     56.150
   102.450     56.150
   102.517     56.100
   102.483     56.100
   102.433     56.133
   102.400     56.117
   102.383     56.100
   102.533     56.050
   102.550     56.017
   102.417     56.067
   102.350     56.067
   102.333     56.133
   102.183     56.100
   102.217     56.067
   102.117     56.067
   102.167     56.033
   102.067     56.067
   102.000     56.050
   102.017     56.033
   101.950     56.017
   101.950     56.000
   102.000     56.000
   102.000     55.983
   102.017     55.983
   101.983     55.967
   102.017     55.933
   101.967     55.900
   101.967     55.867
   101.850     55.817
   101.850     55.750
   101.917     55.733
   101.950     55.717
   102.050     55.717
   102.083     55.733
   102.167     55.683
   102.167     55.667
   101.983     55.683
   101.950     55.683
   102.133     55.600
   102.200     55.617
   102.367     55.583
   102.400     55.550
   102.383     55.483
   102.283     55.417
   102.333     55.333
   102.283     55.283
   102.367     55.317
   102.417     55.300
   102.433     55.283
   102.417     55.250
   102.283     55.250
   102.350     55.183
   102.333     55.150
   102.233     55.117
   102.250     55.100
   102.233     55.067
   102.133     55.050
   102.083     55.033
   102.067     55.033
   102.100     55.067
   102.200     55.083
   102.167     55.117
   102.183     55.133
   102.300     55.167
   102.267     55.217
   102.267     55.250
   102.417     55.283
   102.383     55.300
   102.300     55.267
   102.250     55.283
   102.317     55.333
   102.250     55.433
   102.283     55.450
   102.350     55.483
   102.333     55.533
   102.183     55.533
   102.183     55.517
   102.217     55.500
   102.217     55.483
   102.167     55.500
   101.983     55.467
   101.850     55.433
   101.850     55.433
   101.850     55.400
   101.817     55.417
   101.733     55.400
   101.817     55.417
   101.733     55.450
   101.733     55.467
   101.667     55.483
   101.667     55.483
   101.733     55.483
   101.867     55.467
   101.950     55.483
   102.033     55.500
   102.117     55.517
   102.133     55.533
   101.850     55.583
   101.867     55.600
   101.800     55.633
   101.800     55.683
   101.767     55.683
   101.817     55.717
   101.817     55.783
   101.733     55.800
   101.733     55.833
   101.700     55.833
   101.617     55.833
   101.617     55.850
   101.500     55.867
   101.483     55.883
   101.550     55.900
   101.500     55.917
   101.467     55.950
   101.400     55.950
   101.417     55.900
   101.350     55.883
   101.367     55.917
   101.350     55.933
   101.183     56.000
   101.267     56.000
   101.383     55.967
   101.467     55.983
   101.650     55.900
   101.583     55.983
   101.617     55.983
   101.617     55.983
   101.667     55.983
   101.683     55.933
   101.700     55.917
   101.750     55.967
   101.717     55.983
   101.750     56.000
   101.750     56.000
   101.683     56.050
   101.817     56.033
   101.750     56.067
   101.767     56.083
   101.600     56.100
   101.667     56.117
   101.667     56.150
   101.733     56.167
   101.683     56.217
   101.683     56.267
   101.733     56.283
   101.800     56.283
   101.833     56.267
   101.817     56.217
   101.850     56.200
   101.933     56.217
   101.967     56.267
   102.033     56.250
   102.033     56.233
   101.983     56.233
   101.967     56.200
   101.900     56.200
   101.950     56.167
   101.850     56.167
   101.883     56.150
   101.783     56.133
   101.783     56.117
   101.867     56.083
   101.900     56.117
   102.117     56.167
   102.117     56.183
   102.233     56.200
107   ºþ²´Ïß15
    90.917     54.733
    90.917     54.883
    91.050     55.033
    91.150     55.083
    91.367     55.083
    91.533     55.150
    91.833     55.167
    91.933     55.200
    92.033     55.200
    92.083     55.250
    92.050     55.283
    92.150     55.283
    92.217     55.333
    92.250     55.350
    92.333     55.467
    92.400     55.500
    92.417     55.450
    92.367     55.383
    92.450     55.333
    92.500     55.367
    92.500     55.317
    92.533     55.300
    92.617     55.300
    92.617     55.267
    92.567     55.267
    92.550     55.250
    92.533     55.267
    92.500     55.300
    92.433     55.300
    92.350     55.350
    92.317     55.333
    92.267     55.267
    92.200     55.233
    92.200     55.200
    92.133     55.200
    92.017     55.167
    91.900     55.150
    91.867     55.133
    91.883     55.117
    91.883     55.100
    91.833     55.117
    91.717     55.100
    91.633     55.050
    91.650     55.083
    91.367     55.050
    91.317     55.017
    91.317     55.033
    91.283     55.050
    91.150     55.033
    91.033     54.967
    91.000     54.917
    90.967     54.817
    90.983     54.700
    90.967     54.650
    91.267     54.533
    91.317     54.467
    91.317     54.400
    91.367     54.367
    91.433     54.383
    91.533     54.383
    91.550     54.367
    91.583     54.367
    91.667     54.383
    91.733     54.367
    91.550     54.333
    91.517     54.333
    91.450     54.383
    91.383     54.350
    91.500     54.267
    91.550     54.167
    91.583     54.033
    91.550     53.967
    91.600     53.967
    91.650     53.983
    91.750     54.000
    91.800     53.983
    91.833     53.950
    91.783     53.933
    91.650     53.950
    91.517     53.917
    91.450     53.867
    91.517     53.767
    91.517     53.733
    91.400     53.783
    91.417     53.833
    91.383     53.867
    91.417     53.900
    91.417     53.950
    91.517     54.000
    91.533     54.083
    91.500     54.083
    91.483     54.100
    91.433     54.100
    91.450     54.133
    91.383     54.183
    91.350     54.250
    91.317     54.267
    91.283     54.300
    91.217     54.317
    91.250     54.367
    91.217     54.417
    91.233     54.500
    91.100     54.567
    90.950     54.617
    90.867     54.667
    90.867     54.717
    90.917     54.733
54   ºþ²´Ïß16
    81.233     53.917
    81.233     53.967
    81.283     54.033
    81.383     54.083
    81.483     54.100
    81.600     54.150
    81.650     54.183
    81.733     54.300
    81.933     54.350
    81.933     54.367
    82.017     54.367
    82.117     54.400
    82.317     54.517
    82.417     54.633
    82.633     54.683
    82.767     54.783
    83.000     54.850
    83.083     54.833
    83.100     54.783
    83.183     54.767
    83.200     54.783
    83.267     54.733
    83.283     54.700
    83.250     54.700
    83.217     54.733
    83.067     54.783
    83.050     54.783
    83.017     54.700
    82.950     54.683
    82.883     54.650
    82.850     54.667
    82.767     54.650
    82.600     54.550
    82.467     54.533
    82.417     54.500
    82.317     54.450
    82.233     54.433
    82.083     54.350
    81.750     54.283
    81.717     54.233
    81.683     54.167
    81.617     54.117
    81.433     54.050
    81.350     54.000
    81.350     54.033
    81.317     53.950
    81.333     53.883
    81.300     53.917
    81.300     54.000
    81.267     53.967
    81.283     53.933
    81.250     53.883
    81.233     53.883
    81.233     53.933
135   ºþ²´Ïß17
    84.233     47.717
    84.083     47.817
    83.933     47.867
    83.850     47.867
    83.800     47.900
    83.767     47.967
    83.700     47.967
    83.650     48.017
    83.533     48.017
    83.417     48.067
    83.350     48.033
    83.300     48.050
    83.200     48.100
    83.167     48.150
    83.100     48.150
    83.050     48.167
    83.000     48.233
    83.033     48.267
    83.100     48.217
    83.167     48.250
    83.267     48.283
    83.350     48.250
    83.483     48.267
    83.500     48.333
    83.550     48.367
    83.600     48.367
    83.450     48.417
    83.383     48.500
    83.367     48.567
    83.417     48.583
    83.450     48.650
    83.417     48.767
    83.450     48.867
    83.550     48.950
    83.633     48.967
    83.733     49.033
    84.017     49.083
    84.150     49.117
    84.183     49.150
    84.183     49.200
    84.133     49.250
    84.117     49.250
    84.000     49.350
    83.917     49.383
    83.867     49.433
    83.700     49.450
    83.650     49.417
    83.633     49.483
    83.517     49.550
    83.483     49.517
    83.467     49.533
    83.433     49.533
    83.433     49.567
    83.367     49.633
    83.433     49.617
    83.483     49.583
    83.583     49.617
    83.667     49.583
    83.733     49.583
    83.750     49.633
    83.783     49.633
    83.817     49.650
    83.867     49.717
    83.967     49.717
    84.000     49.733
    83.967     49.700
    83.883     49.683
    83.800     49.617
    83.783     49.583
    83.817     49.550
    83.717     49.567
    83.700     49.550
    83.733     49.533
    83.683     49.517
    83.667     49.500
    83.800     49.483
    83.833     49.483
    83.817     49.467
    83.917     49.450
    83.933     49.400
    83.983     49.400
    84.117     49.283
    84.300     49.200
    84.450     49.200
    84.483     49.183
    84.417     49.167
    84.383     49.167
    84.350     49.133
    84.283     49.117
    84.000     49.050
    83.933     49.000
    83.833     49.000
    83.667     48.933
    83.583     48.933
    83.483     48.800
    83.450     48.717
    83.517     48.650
    83.533     48.500
    83.567     48.450
    83.633     48.400
    83.750     48.383
    83.783     48.400
    83.817     48.417
    83.883     48.400
    83.950     48.400
    83.967     48.400
    83.933     48.367
    83.850     48.350
    83.767     48.367
    83.683     48.367
    83.517     48.300
    83.500     48.267
    83.517     48.250
    83.567     48.233
    83.717     48.217
    83.883     48.133
    84.000     48.117
    84.067     48.083
    84.100     48.033
    84.150     48.067
    84.217     48.033
    84.350     48.017
    84.400     48.000
    84.450     47.967
    84.550     47.933
    84.450     47.900
    84.433     47.850
    84.367     47.817
    84.383     47.767
    84.350     47.750
    84.233     47.767
    84.267     47.733
    84.350     47.733
    84.300     47.700
    84.217     47.733
