================================
广东县边界
================================
349
5 广东县边界1
   114.000     25.279
   113.956     25.264
   113.971     25.221
   113.922     25.177
   113.969     25.129
2 广东县边界2
   113.969     25.129
   113.996     25.104
2 广东县边界3
   113.996     25.104
   114.000     25.100
8 广东县边界4
   113.516     25.098
   113.505     25.151
   113.530     25.168
   113.523     25.195
   113.562     25.207
   113.581     25.259
   113.552     25.293
   113.568     25.319
3 广东县边界5
   113.516     25.098
   113.454     25.075
   113.437     25.049
17 广东县边界6
   113.437     25.049
   113.352     25.021
   113.285     25.033
   113.262     25.078
   113.262     25.078
   113.202     25.066
   113.193     25.129
   113.170     25.149
   113.170     25.149
   113.128     25.085
   113.078     25.074
   113.074     24.995
   113.054     24.985
   113.042     24.997
   113.042     24.997
   113.029     24.969
   113.003     24.964
16 广东县边界7
   113.969     25.129
   113.908     25.133
   113.908     25.133
   113.872     25.087
   113.846     25.093
   113.846     25.125
   113.824     25.134
   113.824     25.134
   113.786     25.107
   113.769     25.035
   113.732     25.012
   113.742     24.989
   113.638     24.949
   113.596     24.957
   113.575     25.025
   113.516     25.098
14 广东县边界8
   113.996     25.104
   114.039     25.129
   114.140     25.139
   114.140     25.139
   114.150     25.107
   114.188     25.095
   114.183     25.062
   114.212     25.057
   114.249     25.018
   114.261     24.974
   114.216     24.947
   114.272     24.962
   114.272     24.962
   114.390     24.952
2 广东县边界9
   112.166     24.912
   112.164     24.911
15 广东县边界10
   113.510     24.739
   113.466     24.784
   113.473     24.844
   113.523     24.884
   113.523     24.884
   113.577     24.868
   113.596     24.835
   113.635     24.840
   113.635     24.840
   113.662     24.817
   113.653     24.755
   113.601     24.765
   113.601     24.765
   113.584     24.713
   113.525     24.706
3 广东县边界11
   113.525     24.706
   113.500     24.726
   113.510     24.739
9 广东县边界12
   112.147     24.816
   112.188     24.802
   112.177     24.775
   112.196     24.745
   112.228     24.742
   112.269     24.707
   112.203     24.689
   112.160     24.648
   112.127     24.650
12 广东县边界13
   113.869     24.626
   113.906     24.674
   113.888     24.699
   113.952     24.746
   113.972     24.795
   113.965     24.836
   113.901     24.905
   113.907     24.935
   113.928     24.945
   113.912     25.034
   113.940     25.082
   114.000     25.100
2 广东县边界14
   115.555     24.645
   115.520     24.624
10 广东县边界15
   112.774     24.897
   112.758     24.871
   112.700     24.862
   112.653     24.819
   112.641     24.724
   112.595     24.725
   112.595     24.725
   112.545     24.662
   112.417     24.653
   112.389     24.614
9 广东县边界16
   112.389     24.614
   112.337     24.629
   112.305     24.682
   112.292     24.775
   112.257     24.843
   112.275     24.871
   112.214     24.924
   112.214     24.924
   112.166     24.912
2 广东县边界17
   112.127     24.650
   112.111     24.608
11 广东县边界18
   112.973     24.549
   112.960     24.590
   112.885     24.600
   112.874     24.618
   112.905     24.668
   112.894     24.715
   112.934     24.737
   112.925     24.754
   112.949     24.824
   113.015     24.864
   112.988     24.921
19 广东县边界19
   113.437     25.049
   113.433     24.991
   113.459     24.945
   113.403     24.847
   113.456     24.806
   113.411     24.773
   113.380     24.788
   113.380     24.788
   113.390     24.728
   113.325     24.689
   113.223     24.696
   113.223     24.696
   113.145     24.662
   113.146     24.636
   113.108     24.603
   113.158     24.590
   113.142     24.564
   113.190     24.557
   113.202     24.535
7 广东县边界20
   114.000     24.519
   114.028     24.533
   114.046     24.613
   114.046     24.613
   114.085     24.601
   114.147     24.622
   114.177     24.663
4 广东县边界21
   113.869     24.626
   113.891     24.567
   113.942     24.529
   114.000     24.519
9 广东县边界22
   116.086     24.856
   116.090     24.800
   116.120     24.743
   116.042     24.669
   116.045     24.634
   116.022     24.609
   116.050     24.549
   116.022     24.526
   116.039     24.487
4 广东县边界23
   115.520     24.624
   115.507     24.579
   115.481     24.560
   115.502     24.487
9 广东县边界24
   113.667     24.469
   113.667     24.556
   113.717     24.563
   113.717     24.563
   113.745     24.526
   113.780     24.515
   113.774     24.595
   113.812     24.624
   113.869     24.626
2 广东县边界25
   115.805     24.461
   115.733     24.542
7 广东县边界26
   113.202     24.535
   113.152     24.459
   113.101     24.497
   113.101     24.497
   113.077     24.471
   113.045     24.469
   112.973     24.549
14 广东县边界27
   113.202     24.535
   113.202     24.492
   113.244     24.514
   113.244     24.514
   113.283     24.464
   113.379     24.480
   113.379     24.480
   113.438     24.455
   113.494     24.489
   113.494     24.489
   113.521     24.473
   113.546     24.515
   113.546     24.515
   113.667     24.469
13 广东县边界28
   116.371     24.802
   116.367     24.766
   116.321     24.710
   116.320     24.666
   116.274     24.627
   116.301     24.609
   116.290     24.561
   116.183     24.561
   116.183     24.561
   116.184     24.512
   116.127     24.418
   116.097     24.470
   116.039     24.487
8 广东县边界29
   116.039     24.487
   116.000     24.473
   116.018     24.423
   115.980     24.419
   115.973     24.393
   115.917     24.474
   115.917     24.474
   115.805     24.461
10 广东县边界30
   112.111     24.608
   112.099     24.591
   112.119     24.545
   112.077     24.513
   112.129     24.384
   112.159     24.369
   112.188     24.402
   112.188     24.402
   112.220     24.358
   112.239     24.356
10 广东县边界31
   112.389     24.614
   112.367     24.549
   112.367     24.467
   112.409     24.452
   112.451     24.407
   112.479     24.417
   112.479     24.417
   112.480     24.399
   112.431     24.385
   112.383     24.330
6 广东县边界32
   112.239     24.356
   112.246     24.399
   112.266     24.399
   112.266     24.399
   112.343     24.374
   112.383     24.330
11 广东县边界33
   112.973     24.549
   112.949     24.541
   112.943     24.485
   112.890     24.484
   112.862     24.461
   112.863     24.426
   112.845     24.410
   112.877     24.397
   112.875     24.367
   112.760     24.330
   112.752     24.315
15 广东县边界34
   114.704     24.530
   114.693     24.458
   114.732     24.433
   114.775     24.447
   114.775     24.447
   114.738     24.368
   114.762     24.347
   114.750     24.281
   114.813     24.274
   114.842     24.309
   114.842     24.309
   114.871     24.279
   114.914     24.292
   114.914     24.292
   114.928     24.255
7 广东县边界35
   114.303     24.573
   114.261     24.527
   114.309     24.482
   114.235     24.416
   114.246     24.368
   114.286     24.341
   114.245     24.254
12 广东县边界36
   116.544     24.613
   116.534     24.564
   116.549     24.543
   116.531     24.499
   116.500     24.496
   116.480     24.459
   116.425     24.434
   116.411     24.396
   116.431     24.356
   116.422     24.323
   116.319     24.240
   116.317     24.203
12 广东县边界37
   113.667     24.469
   113.677     24.445
   113.662     24.424
   113.701     24.413
   113.742     24.443
   113.742     24.443
   113.770     24.434
   113.813     24.342
   113.840     24.326
   113.844     24.257
   113.867     24.254
   113.912     24.200
12 广东县边界38
   111.930     24.236
   111.953     24.236
   111.953     24.236
   111.987     24.194
   112.029     24.190
   112.053     24.257
   112.071     24.264
   112.071     24.264
   112.161     24.183
   112.209     24.241
   112.244     24.243
   112.239     24.356
6 广东县边界39
   115.502     24.487
   115.590     24.459
   115.549     24.345
   115.589     24.248
   115.540     24.197
   115.540     24.173
17 广东县边界40
   115.184     24.705
   115.200     24.659
   115.258     24.615
   115.244     24.567
   115.211     24.550
   115.237     24.515
   115.218     24.504
   115.232     24.480
   115.216     24.466
   115.233     24.444
   115.208     24.388
   115.212     24.354
   115.173     24.334
   115.192     24.274
   115.239     24.236
   115.163     24.184
   115.078     24.165
7 广东县边界41
   114.928     24.255
   114.965     24.233
   114.972     24.198
   115.008     24.205
   115.008     24.205
   115.055     24.161
   115.078     24.165
4 广东县边界42
   113.912     24.200
   113.950     24.206
   113.950     24.206
   114.000     24.156
9 广东县边界43
   114.245     24.254
   114.235     24.236
   114.206     24.264
   114.206     24.264
   114.078     24.223
   114.068     24.156
   114.084     24.137
   114.068     24.123
   114.000     24.156
12 广东县边界44
   114.245     24.254
   114.326     24.129
   114.370     24.145
   114.370     24.145
   114.455     24.121
   114.474     24.129
   114.468     24.176
   114.560     24.233
   114.560     24.233
   114.585     24.221
   114.588     24.187
   114.549     24.139
15 广东县边界45
   114.928     24.255
   114.882     24.237
   114.865     24.193
   114.841     24.207
   114.841     24.207
   114.789     24.152
   114.763     24.157
   114.763     24.157
   114.724     24.119
   114.664     24.111
   114.622     24.164
   114.622     24.164
   114.634     24.125
   114.593     24.095
   114.549     24.139
6 广东县边界46
   113.755     24.028
   113.844     24.081
   113.828     24.121
   113.860     24.134
   113.854     24.169
   113.912     24.200
13 广东县边界47
   116.930     24.225
   116.894     24.220
   116.892     24.193
   116.862     24.165
   116.839     24.180
   116.839     24.180
   116.777     24.149
   116.763     24.084
   116.723     24.057
   116.692     24.057
   116.692     24.057
   116.698     24.022
   116.685     24.016
2 广东县边界48
   116.685     24.016
   116.681     24.012
9 广东县边界49
   116.317     24.203
   116.360     24.190
   116.396     24.217
   116.396     24.217
   116.479     24.197
   116.522     24.130
   116.631     24.056
   116.640     24.034
   116.681     24.012
2 广东县边界50
   116.689     24.008
   116.685     24.016
2 广东县边界51
   116.681     24.012
   116.689     24.008
12 广东县边界52
   112.752     24.315
   112.833     24.258
   112.797     24.180
   112.832     24.122
   112.864     24.125
   112.864     24.125
   112.867     24.108
   112.909     24.093
   112.900     24.047
   112.967     24.053
   112.967     24.053
   112.982     24.004
2 广东县边界53
   113.755     24.028
   113.719     24.003
10 广东县边界54
   115.540     24.173
   115.504     24.187
   115.504     24.187
   115.523     24.099
   115.479     24.125
   115.478     24.142
   115.478     24.142
   115.438     24.128
   115.410     24.060
   115.456     24.002
13 广东县边界55
   112.564     24.002
   112.569     24.049
   112.604     24.079
   112.592     24.097
   112.617     24.147
   112.614     24.214
   112.649     24.231
   112.649     24.231
   112.708     24.208
   112.717     24.246
   112.739     24.247
   112.762     24.282
   112.752     24.315
7 广东县边界56
   112.383     24.330
   112.412     24.285
   112.446     24.272
   112.419     24.131
   112.477     24.117
   112.500     24.028
   112.526     24.002
10 广东县边界57
   115.540     24.173
   115.595     24.175
   115.595     24.175
   115.617     24.116
   115.690     24.083
   115.738     24.025
   115.775     24.010
   115.798     24.024
   115.798     24.024
   115.836     24.002
10 广东县边界58
   116.317     24.203
   116.277     24.147
   116.247     24.142
   116.257     24.113
   116.199     24.131
   116.199     24.131
   116.202     24.100
   116.172     24.095
   116.162     24.050
   116.088     24.002
8 广东县边界59
   115.078     24.165
   115.054     24.107
   115.106     24.111
   115.106     24.111
   115.149     24.033
   115.153     24.018
   115.134     24.015
   115.145     24.002
8 广东县边界60
   113.520     24.002
   113.528     24.055
   113.602     24.080
   113.612     24.115
   113.612     24.115
   113.676     24.074
   113.734     24.067
   113.755     24.028
13 广东县边界61
   115.805     24.461
   115.777     24.404
   115.781     24.367
   115.848     24.332
   115.893     24.253
   115.947     24.235
   115.954     24.181
   115.978     24.163
   115.937     24.104
   115.956     24.068
   115.908     24.057
   115.968     24.024
   115.973     24.001
7 广东县边界62
   114.549     24.139
   114.516     24.119
   114.491     24.125
   114.491     24.125
   114.469     24.087
   114.391     24.031
   114.383     24.001
2 广东县边界63
   113.721     24.001
   113.719     24.003
2 广东县边界64
   112.517     23.976
   112.526     24.002
2 广东县边界65
   112.567     23.975
   112.564     24.002
2 广东县边界66
   112.567     23.975
   112.517     23.976
2 广东县边界67
   113.999     23.932
   114.034     23.924
4 广东县边界68
   116.088     24.002
   116.089     23.971
   116.059     23.928
   116.011     23.920
6 广东县边界69
   115.973     24.001
   115.997     23.973
   116.022     23.984
   116.022     23.984
   115.992     23.948
   116.011     23.920
5 广东县边界70
   113.796     23.908
   113.881     23.935
   113.881     23.935
   113.902     23.920
   113.999     23.932
2 广东县边界71
   113.796     23.908
   113.721     24.001
3 广东县边界72
   114.383     24.001
   114.377     23.944
   114.346     23.891
10 广东县边界73
   114.034     23.924
   114.125     23.934
   114.165     23.961
   114.165     23.961
   114.218     23.938
   114.262     23.959
   114.262     23.959
   114.297     23.947
   114.316     23.896
   114.346     23.891
3 广东县边界74
   116.011     23.920
   116.024     23.889
   116.006     23.856
6 广东县边界75
   113.342     23.856
   113.356     23.881
   113.337     23.895
   113.353     23.915
   113.521     23.965
   113.520     24.002
6 广东县边界76
   115.836     24.002
   115.922     23.878
   115.950     23.883
   115.950     23.883
   115.982     23.855
   116.006     23.856
5 广东县边界77
   115.456     24.002
   115.456     23.974
   115.408     23.953
   115.369     23.856
   115.349     23.849
5 广东县边界78
   115.145     24.002
   115.178     23.940
   115.249     23.943
   115.249     23.943
   115.349     23.849
11 广东县边界79
   112.982     24.004
   112.970     23.965
   113.079     23.928
   113.097     23.890
   113.170     23.897
   113.170     23.897
   113.200     23.866
   113.243     23.867
   113.243     23.867
   113.261     23.845
   113.342     23.856
4 广东县边界80
   115.349     23.849
   115.340     23.836
   115.371     23.810
   115.323     23.765
5 广东县边界81
   114.034     23.924
   114.051     23.843
   114.024     23.803
   114.044     23.779
   114.000     23.764
9 广东县边界82
   116.681     24.012
   116.591     23.942
   116.593     23.916
   116.500     23.875
   116.522     23.837
   116.490     23.759
   116.411     23.780
   116.411     23.780
   116.361     23.734
3 广东县边界83
   113.342     23.856
   113.293     23.746
   113.363     23.729
5 广东县边界84
   114.346     23.891
   114.322     23.832
   114.342     23.797
   114.335     23.759
   114.416     23.707
10 广东县边界85
   112.719     23.693
   112.724     23.756
   112.724     23.756
   112.698     23.753
   112.694     23.807
   112.648     23.812
   112.683     23.924
   112.665     23.946
   112.598     23.947
   112.567     23.975
14 广东县边界86
   114.705     23.706
   114.759     23.741
   114.819     23.753
   114.819     23.753
   114.865     23.742
   114.918     23.755
   114.918     23.755
   114.962     23.728
   115.005     23.764
   115.005     23.764
   115.098     23.685
   115.163     23.709
   115.229     23.760
   115.323     23.765
13 广东县边界87
   113.363     23.729
   113.426     23.728
   113.474     23.689
   113.552     23.703
   113.552     23.703
   113.594     23.671
   113.628     23.708
   113.621     23.784
   113.638     23.819
   113.702     23.820
   113.709     23.859
   113.758     23.864
   113.796     23.908
5 广东县边界88
   116.006     23.856
   116.007     23.825
   115.936     23.775
   115.892     23.705
   115.844     23.667
11 广东县边界89
   116.805     23.646
   116.830     23.687
   116.768     23.722
   116.755     23.769
   116.755     23.769
   116.728     23.761
   116.712     23.790
   116.745     23.870
   116.785     23.882
   116.743     23.913
   116.689     24.008
7 广东县边界90
   116.110     23.629
   116.171     23.629
   116.176     23.688
   116.272     23.767
   116.324     23.774
   116.324     23.774
   116.361     23.734
7 广东县边界91
   115.844     23.667
   115.891     23.625
   115.934     23.631
   115.979     23.672
   115.979     23.672
   116.030     23.633
   116.110     23.629
5 广东县边界92
   113.828     23.620
   113.825     23.675
   113.885     23.693
   113.916     23.737
   114.000     23.764
4 广东县边界93
   113.363     23.729
   113.327     23.651
   113.292     23.645
   113.281     23.612
2 广东县边界94
   114.653     23.577
   114.705     23.706
3 广东县边界95
   116.805     23.646
   116.903     23.623
   116.910     23.556
7 广东县边界96
   112.822     23.553
   112.802     23.553
   112.746     23.621
   112.774     23.673
   112.774     23.673
   112.738     23.667
   112.719     23.693
6 广东县边界97
   116.699     23.538
   116.710     23.601
   116.710     23.601
   116.768     23.580
   116.821     23.619
   116.805     23.646
8 广东县边界98
   114.416     23.707
   114.428     23.692
   114.507     23.694
   114.507     23.694
   114.560     23.614
   114.552     23.586
   114.604     23.531
   114.653     23.577
2 广东县边界99
   116.170     23.513
   116.271     23.525
3 广东县边界100
   116.170     23.513
   116.093     23.549
   116.110     23.629
16 广东县边界101
   112.054     23.489
   112.079     23.526
   112.134     23.550
   112.159     23.602
   112.134     23.635
   112.140     23.698
   112.237     23.769
   112.237     23.769
   112.251     23.734
   112.292     23.767
   112.292     23.767
   112.336     23.759
   112.335     23.823
   112.377     23.894
   112.433     23.911
   112.517     23.976
2 广东县边界102
   112.022     23.486
   112.054     23.489
11 广东县边界103
   111.925     23.974
   111.984     23.968
   111.943     23.811
   111.882     23.732
   111.880     23.702
   111.917     23.691
   111.938     23.654
   111.969     23.649
   111.968     23.510
   111.991     23.477
   112.022     23.486
10 广东县边界104
   115.600     23.471
   115.616     23.514
   115.673     23.558
   115.673     23.558
   115.702     23.523
   115.778     23.531
   115.787     23.578
   115.809     23.578
   115.796     23.617
   115.844     23.667
7 广东县边界105
   113.281     23.612
   113.193     23.579
   113.201     23.545
   113.178     23.505
   113.138     23.514
   113.138     23.514
   112.965     23.466
7 广东县边界106
   112.822     23.553
   112.850     23.577
   112.850     23.577
   112.910     23.570
   112.893     23.502
   112.933     23.466
   112.965     23.466
2 广东县边界107
   116.706     23.464
   116.699     23.538
4 广东县边界108
   116.305     23.451
   116.331     23.454
   116.362     23.505
   116.384     23.513
2 广东县边界109
   116.271     23.525
   116.305     23.451
7 广东县边界110
   112.054     23.489
   112.151     23.505
   112.151     23.505
   112.221     23.468
   112.247     23.472
   112.247     23.472
   112.264     23.437
4 广东县边界111
   116.115     23.433
   116.142     23.434
   116.183     23.480
   116.170     23.513
8 广东县边界112
   113.281     23.612
   113.336     23.589
   113.324     23.575
   113.349     23.549
   113.437     23.535
   113.433     23.494
   113.456     23.476
   113.465     23.432
8 广东县边界113
   116.361     23.734
   116.524     23.626
   116.532     23.580
   116.559     23.553
   116.540     23.511
   116.569     23.480
   116.613     23.468
   116.625     23.432
3 广东县边界114
   116.625     23.432
   116.671     23.430
   116.706     23.464
7 广东县边界115
   116.384     23.513
   116.408     23.512
   116.417     23.472
   116.481     23.502
   116.481     23.502
   116.466     23.443
   116.539     23.424
6 广东县边界116
   114.626     23.412
   114.695     23.468
   114.678     23.498
   114.691     23.531
   114.659     23.534
   114.653     23.577
3 广东县边界117
   113.390     23.414
   113.404     23.403
   113.465     23.432
8 广东县边界118
   113.828     23.620
   113.847     23.614
   113.849     23.572
   113.890     23.517
   113.973     23.483
   113.951     23.448
   113.984     23.436
   113.990     23.398
2 广东县边界119
   113.336     23.397
   113.390     23.414
4 广东县边界120
   116.625     23.432
   116.583     23.438
   116.583     23.438
   116.564     23.384
2 广东县边界121
   116.539     23.424
   116.564     23.384
3 广东县边界122
   114.555     23.398
   114.573     23.380
   114.626     23.412
4 广东县边界123
   116.003     23.387
   116.066     23.378
   116.102     23.401
   116.115     23.433
4 广东县边界124
   115.460     23.376
   115.498     23.388
   115.511     23.432
   115.600     23.471
11 广东县边界125
   115.323     23.765
   115.376     23.780
   115.376     23.780
   115.411     23.698
   115.431     23.718
   115.431     23.718
   115.452     23.709
   115.426     23.635
   115.439     23.551
   115.425     23.458
   115.460     23.376
6 广东县边界126
   113.558     23.375
   113.601     23.438
   113.655     23.464
   113.712     23.522
   113.747     23.605
   113.828     23.620
2 广东县边界127
   113.465     23.432
   113.558     23.375
13 广东县边界128
   112.418     23.368
   112.457     23.444
   112.483     23.448
   112.495     23.477
   112.495     23.477
   112.527     23.464
   112.567     23.478
   112.572     23.572
   112.662     23.594
   112.663     23.633
   112.691     23.649
   112.687     23.683
   112.719     23.693
7 广东县边界129
   112.264     23.437
   112.297     23.423
   112.354     23.432
   112.354     23.432
   112.379     23.411
   112.382     23.366
   112.418     23.368
3 广东县边界130
   116.706     23.464
   116.759     23.404
   116.758     23.349
2 广东县边界131
   113.989     23.343
   113.998     23.345
2 广东县边界132
   113.990     23.398
   113.989     23.343
7 广东县边界133
   115.600     23.471
   115.668     23.423
   115.675     23.360
   115.763     23.391
   115.763     23.391
   115.816     23.351
   115.802     23.336
11 广东县边界134
   114.416     23.707
   114.363     23.679
   114.395     23.623
   114.341     23.595
   114.313     23.521
   114.250     23.452
   114.194     23.476
   114.194     23.476
   114.041     23.401
   114.033     23.330
   113.998     23.345
5 广东县边界135
   116.564     23.384
   116.575     23.328
   116.624     23.334
   116.624     23.334
   116.642     23.320
6 广东县边界136
   113.142     23.309
   113.190     23.369
   113.190     23.369
   113.227     23.349
   113.251     23.375
   113.336     23.397
6 广东县边界137
   115.802     23.336
   115.867     23.309
   115.933     23.412
   115.933     23.412
   115.974     23.368
   116.003     23.387
2 广东县边界138
   113.142     23.309
   113.164     23.288
2 广东县边界139
   116.642     23.320
   116.686     23.285
5 广东县边界140
   111.373     23.320
   111.407     23.323
   111.407     23.323
   111.475     23.278
   111.537     23.316
2 广东县边界141
   111.537     23.316
   111.574     23.273
2 广东县边界142
   113.164     23.288
   113.185     23.265
7 广东县边界143
   114.626     23.412
   114.639     23.397
   114.678     23.414
   114.678     23.414
   114.725     23.333
   114.766     23.319
   114.786     23.257
4 广东县边界144
   115.411     23.241
   115.423     23.280
   115.476     23.330
   115.460     23.376
3 广东县边界145
   111.574     23.273
   111.572     23.252
   111.546     23.241
2 广东县边界146
   116.686     23.285
   116.710     23.241
4 广东县边界147
   113.060     23.234
   113.081     23.253
   113.075     23.291
   113.142     23.309
7 广东县边界148
   112.965     23.466
   112.961     23.444
   112.991     23.403
   112.981     23.368
   113.034     23.352
   113.038     23.251
   113.060     23.234
7 广东县边界149
   112.418     23.368
   112.578     23.274
   112.647     23.306
   112.647     23.306
   112.694     23.294
   112.713     23.222
   112.770     23.226
13 广东县边界150
   111.546     23.241
   111.635     23.220
   111.635     23.284
   111.729     23.305
   111.731     23.351
   111.767     23.404
   111.767     23.404
   111.824     23.378
   111.859     23.410
   111.859     23.410
   111.924     23.397
   111.971     23.410
   112.022     23.486
3 广东县边界151
   111.546     23.241
   111.532     23.232
   111.543     23.212
11 广东县边界152
   112.770     23.226
   112.774     23.211
   112.797     23.220
   112.797     23.220
   112.800     23.203
   112.816     23.217
   112.843     23.323
   112.782     23.385
   112.797     23.450
   112.844     23.514
   112.822     23.553
7 广东县边界153
   113.884     23.194
   113.891     23.234
   113.870     23.265
   113.886     23.344
   113.886     23.344
   113.964     23.333
   113.989     23.343
2 广东县边界154
   111.543     23.212
   111.634     23.190
23 广东县边界155
   114.786     23.257
   114.786     23.215
   114.851     23.173
   114.904     23.276
   114.913     23.345
   114.942     23.348
   114.942     23.348
   114.975     23.298
   114.997     23.328
   114.997     23.328
   115.050     23.325
   115.109     23.371
   115.109     23.371
   115.135     23.361
   115.169     23.385
   115.217     23.391
   115.217     23.391
   115.293     23.358
   115.309     23.312
   115.325     23.325
   115.325     23.325
   115.382     23.300
   115.411     23.241
3 广东县边界156
   111.634     23.190
   111.654     23.162
   111.688     23.163
7 广东县边界157
   114.533     23.161
   114.603     23.168
   114.554     23.233
   114.571     23.263
   114.499     23.326
   114.505     23.362
   114.555     23.398
2 广东县边界158
   113.870     23.157
   113.884     23.194
8 广东县边界159
   116.305     23.451
   116.341     23.401
   116.348     23.355
   116.314     23.338
   116.314     23.308
   116.252     23.207
   116.251     23.155
   116.231     23.146
3 广东县边界160
   112.791     23.144
   112.760     23.192
   112.770     23.226
3 广东县边界161
   111.688     23.163
   111.761     23.135
   111.847     23.139
2 广东县边界162
   113.846     23.134
   113.870     23.157
2 广东县边界163
   111.847     23.139
   111.896     23.129
7 广东县边界164
   114.291     23.128
   114.368     23.227
   114.368     23.227
   114.416     23.206
   114.480     23.266
   114.480     23.266
   114.533     23.161
19 广东县边界165
   112.264     23.437
   112.198     23.429
   112.186     23.413
   112.215     23.367
   112.200     23.330
   112.240     23.345
   112.240     23.345
   112.260     23.332
   112.246     23.254
   112.230     23.269
   112.230     23.269
   112.184     23.233
   112.185     23.212
   112.221     23.197
   112.227     23.178
   112.181     23.128
   112.244     23.137
   112.244     23.137
   112.251     23.125
2 广东县边界166
   114.220     23.120
   114.291     23.128
4 广东县边界167
   113.185     23.265
   113.182     23.231
   113.211     23.174
   113.207     23.115
4 广东县边界168
   114.432     23.111
   114.463     23.179
   114.463     23.179
   114.533     23.161
5 广东县边界169
   113.601     23.113
   113.645     23.108
   113.722     23.141
   113.722     23.141
   113.846     23.134
16 广东县边界170
   115.802     23.336
   115.787     23.297
   115.824     23.278
   115.822     23.261
   115.747     23.251
   115.747     23.208
   115.717     23.215
   115.717     23.215
   115.724     23.186
   115.773     23.168
   115.774     23.144
   115.823     23.133
   115.844     23.106
   115.884     23.129
   115.884     23.129
   115.918     23.118
4 广东县边界171
   111.896     23.129
   111.965     23.135
   111.965     23.135
   111.978     23.101
2 广东县边界172
   113.565     23.098
   113.601     23.113
8 广东县边界173
   113.565     23.098
   113.545     23.178
   113.518     23.203
   113.556     23.249
   113.486     23.259
   113.504     23.307
   113.584     23.346
   113.558     23.375
12 广东县边界174
   115.918     23.118
   115.962     23.096
   115.996     23.114
   115.996     23.114
   116.034     23.103
   116.072     23.164
   116.097     23.174
   116.097     23.174
   116.128     23.153
   116.154     23.175
   116.154     23.175
   116.231     23.146
2 广东县边界175
   112.791     23.144
   112.806     23.086
2 广东县边界176
   113.846     23.134
   114.023     23.085
2 广东县边界177
   112.082     23.085
   112.106     23.090
2 广东县边界178
   112.027     23.082
   112.082     23.085
2 广东县边界179
   111.978     23.101
   112.027     23.082
2 广东县边界180
   112.165     23.078
   112.251     23.125
2 广东县边界181
   112.106     23.090
   112.165     23.078
2 广东县边界182
   113.207     23.115
   113.188     23.074
2 广东县边界183
   112.525     23.071
   112.553     23.104
10 广东县边界184
   112.860     23.057
   112.865     23.104
   112.900     23.122
   112.959     23.233
   112.959     23.233
   112.978     23.213
   113.000     23.223
   113.000     23.223
   113.012     23.211
   113.060     23.234
7 广东县边界185
   112.409     23.056
   112.394     23.087
   112.474     23.129
   112.485     23.163
   112.485     23.163
   112.554     23.125
   112.553     23.104
2 广东县边界186
   114.121     23.050
   114.220     23.120
4 广东县边界187
   114.023     23.085
   114.070     23.104
   114.070     23.104
   114.121     23.050
9 广东县边界188
   116.231     23.146
   116.282     23.103
   116.322     23.103
   116.342     23.065
   116.366     23.068
   116.366     23.068
   116.382     23.046
   116.460     23.103
   116.539     23.103
2 广东县边界189
   113.517     23.044
   113.565     23.098
3 广东县边界190
   113.397     23.083
   113.472     23.076
   113.517     23.044
2 广东县边界191
   113.188     23.074
   113.218     23.043
2 广东县边界192
   112.469     23.042
   112.525     23.071
2 广东县边界193
   112.409     23.056
   112.469     23.042
3 广东县边界194
   113.247     23.036
   113.347     23.044
   113.397     23.083
2 广东县边界195
   113.218     23.043
   113.247     23.036
2 广东县边界196
   112.866     23.023
   112.860     23.057
2 广东县边界197
   112.827     23.018
   112.806     23.086
4 广东县边界198
   113.114     23.069
   113.157     23.077
   113.157     23.077
   113.168     22.994
2 广东县边界199
   113.532     22.988
   113.517     23.044
2 广东县边界200
   113.247     23.036
   113.252     22.988
4 广东县边界201
   113.168     22.994
   113.204     23.015
   113.204     23.015
   113.252     22.988
2 广东县边界202
   114.132     22.985
   114.181     22.992
4 广东县边界203
   114.121     23.050
   114.143     23.023
   114.117     22.999
   114.132     22.985
5 广东县边界204
   113.085     22.985
   113.071     23.011
   113.026     23.016
   113.019     23.033
   113.114     23.069
3 广东县边界205
   113.168     22.994
   113.121     22.978
   113.085     22.985
4 广东县边界206
   112.868     22.958
   112.890     22.965
   112.893     22.989
   112.866     23.023
2 广东县边界207
   112.827     23.018
   112.868     22.958
10 广东县边界208
   114.291     23.128
   114.309     23.108
   114.299     23.090
   114.337     23.064
   114.336     23.007
   114.366     23.013
   114.366     23.013
   114.450     22.950
   114.490     22.994
   114.432     23.111
9 广东县边界209
   115.918     23.118
   115.924     23.078
   115.956     23.048
   115.930     23.020
   115.953     23.021
   115.953     23.021
   115.936     22.974
   115.978     22.943
   116.003     22.945
2 广东县边界210
   116.003     22.945
   116.033     22.934
2 广东县边界211
   113.532     22.988
   113.558     22.932
2 广东县边界212
   112.868     22.958
   112.886     22.911
2 广东县边界213
   116.033     22.934
   116.076     22.909
3 广东县边界214
   113.252     22.988
   113.297     22.945
   113.274     22.907
5 广东县边界215
   116.139     22.895
   116.164     22.891
   116.174     22.927
   116.174     22.927
   116.224     22.924
7 广东县边界216
   115.411     23.241
   115.500     23.209
   115.495     23.127
   115.524     23.066
   115.511     22.999
   115.470     22.924
   115.516     22.888
2 广东县边界217
   115.621     22.866
   115.624     22.870
5 广东县边界218
   115.516     22.888
   115.557     22.846
   115.603     22.879
   115.603     22.879
   115.624     22.870
12 广东县边界219
   112.309     22.840
   112.292     22.877
   112.310     22.918
   112.310     22.918
   112.262     22.911
   112.253     22.932
   112.280     22.966
   112.292     23.079
   112.321     23.109
   112.286     23.135
   112.286     23.135
   112.251     23.125
7 广东县边界220
   112.855     22.839
   112.839     22.852
   112.855     22.881
   112.855     22.881
   112.908     22.868
   112.906     22.898
   112.886     22.911
3 广东县边界221
   113.598     22.826
   113.568     22.858
   113.558     22.932
3 广东县边界222
   113.274     22.907
   113.314     22.830
   113.344     22.825
4 广东县边界223
   112.855     22.839
   112.923     22.855
   112.923     22.855
   112.971     22.811
2 广东县边界224
   112.971     22.811
   113.031     22.810
5 广东县边界225
   114.181     22.992
   114.210     22.985
   114.200     22.935
   114.239     22.905
   114.225     22.808
13 广东县边界226
   111.896     23.129
   111.886     23.086
   111.902     23.047
   111.886     23.023
   111.844     23.029
   111.844     23.029
   111.850     22.989
   111.820     22.933
   111.887     22.899
   111.862     22.894
   111.832     22.855
   111.771     22.855
   111.729     22.807
7 广东县边界227
   113.057     22.806
   113.063     22.819
   113.029     22.834
   113.014     22.880
   113.053     22.899
   113.050     22.976
   113.085     22.985
2 广东县边界228
   113.031     22.810
   113.057     22.806
14 广东县边界229
   111.729     22.807
   111.697     22.808
   111.674     22.835
   111.674     22.835
   111.651     22.804
   111.612     22.818
   111.612     22.818
   111.567     22.803
   111.542     22.838
   111.503     22.847
   111.459     22.945
   111.410     22.953
   111.410     22.953
   111.372     22.937
2 广东县边界230
   113.598     22.826
   113.619     22.802
18 广东县边界231
   114.786     23.257
   114.750     23.215
   114.721     23.225
   114.721     23.225
   114.647     23.136
   114.617     23.127
   114.619     23.028
   114.643     23.009
   114.594     22.962
   114.609     22.934
   114.581     22.931
   114.567     22.908
   114.577     22.850
   114.604     22.827
   114.700     22.839
   114.700     22.839
   114.732     22.823
   114.711     22.789
6 广东县边界232
   113.344     22.825
   113.384     22.827
   113.384     22.827
   113.384     22.805
   113.352     22.796
   113.361     22.776
13 广东县边界233
   112.388     22.773
   112.475     22.800
   112.496     22.832
   112.496     22.832
   112.551     22.826
   112.561     22.876
   112.666     22.895
   112.687     22.923
   112.719     22.932
   112.731     22.995
   112.731     22.995
   112.755     22.985
   112.827     23.018
6 广东县边界234
   112.309     22.840
   112.325     22.826
   112.318     22.793
   112.368     22.802
   112.368     22.802
   112.388     22.773
2 广东县边界235
   113.644     22.758
   113.619     22.802
2 广东县边界236
   113.307     22.741
   113.361     22.776
8 广东县边界237
   113.770     22.741
   113.789     22.785
   113.817     22.792
   113.835     22.833
   113.876     22.853
   113.876     22.853
   113.935     22.848
   114.000     22.766
2 广东县边界238
   113.057     22.806
   113.080     22.740
2 广东县边界239
   113.257     22.727
   113.307     22.741
2 广东县边界240
   113.235     22.747
   113.257     22.727
2 广东县边界241
   113.665     22.726
   113.644     22.758
12 广东县边界242
   115.411     23.241
   115.324     23.167
   115.283     23.159
   115.278     23.097
   115.147     23.001
   115.068     23.005
   115.068     23.005
   115.045     22.974
   114.916     22.915
   114.929     22.882
   114.918     22.852
   115.026     22.710
2 广东县边界243
   113.080     22.740
   113.093     22.708
11 广东县边界244
   111.729     22.807
   111.772     22.790
   111.798     22.803
   111.798     22.803
   111.780     22.759
   111.833     22.777
   111.833     22.777
   111.839     22.741
   111.870     22.736
   111.877     22.716
   111.842     22.682
6 广东县边界245
   112.469     22.712
   112.443     22.717
   112.443     22.717
   112.429     22.678
   112.405     22.675
   112.388     22.773
13 广东县边界246
   114.225     22.808
   114.261     22.784
   114.334     22.810
   114.334     22.810
   114.335     22.780
   114.373     22.763
   114.403     22.782
   114.403     22.782
   114.416     22.753
   114.394     22.723
   114.435     22.699
   114.424     22.671
   114.509     22.671
3 广东县边界247
   113.169     22.670
   113.193     22.681
   113.235     22.747
2 广东县边界248
   113.093     22.708
   113.169     22.670
3 广东县边界249
   113.361     22.776
   113.531     22.681
   113.529     22.661
2 广东县边界250
   113.676     22.656
   113.665     22.726
8 广东县边界251
   114.000     22.766
   114.046     22.765
   114.131     22.716
   114.157     22.655
   114.185     22.681
   114.206     22.741
   114.173     22.786
   114.225     22.808
19 广东县边界252
   112.469     22.712
   112.502     22.740
   112.502     22.740
   112.519     22.736
   112.542     22.656
   112.573     22.649
   112.587     22.708
   112.587     22.708
   112.616     22.699
   112.642     22.734
   112.642     22.734
   112.667     22.719
   112.685     22.763
   112.685     22.763
   112.713     22.686
   112.737     22.681
   112.805     22.739
   112.814     22.803
   112.855     22.839
13 广东县边界253
   111.964     22.626
   111.970     22.647
   112.010     22.662
   112.010     22.662
   112.039     22.651
   112.070     22.737
   112.126     22.788
   112.126     22.788
   112.150     22.778
   112.219     22.840
   112.219     22.840
   112.272     22.826
   112.309     22.840
2 广东县边界254
   113.529     22.661
   113.559     22.616
2 广东县边界255
   113.169     22.670
   113.162     22.615
5 广东县边界256
   113.031     22.631
   113.033     22.649
   113.095     22.661
   113.095     22.661
   113.162     22.615
3 广东县边界257
   112.509     22.604
   112.518     22.620
   112.469     22.712
11 广东县边界258
   113.998     22.585
   114.172     22.600
   114.172     22.600
   114.212     22.582
   114.257     22.604
   114.259     22.633
   114.259     22.633
   114.274     22.619
   114.324     22.620
   114.324     22.620
   114.340     22.595
6 广东县边界259
   111.842     22.682
   111.870     22.661
   111.831     22.589
   111.901     22.576
   111.938     22.624
   111.964     22.626
5 广东县边界260
   113.894     22.554
   113.949     22.662
   113.949     22.662
   113.980     22.649
   113.998     22.585
2 广东县边界261
   113.162     22.615
   113.183     22.548
7 广东县边界262
   114.315     22.533
   114.295     22.548
   114.310     22.550
   114.290     22.557
   114.290     22.557
   114.287     22.538
   114.315     22.533
6 广东县边界263
   113.183     22.548
   113.158     22.528
   113.127     22.557
   113.056     22.566
   113.061     22.609
   113.031     22.631
7 广东县边界264
   114.051     22.513
   114.079     22.536
   114.079     22.536
   114.114     22.531
   114.172     22.561
   114.172     22.561
   114.246     22.560
2 广东县边界265
   114.046     22.509
   114.051     22.513
2 广东县边界266
   114.040     22.511
   114.046     22.509
2 广东县边界267
   113.738     22.492
   113.703     22.575
2 广东县边界268
   114.046     22.509
   114.007     22.490
5 广东县边界269
   111.683     22.483
   111.730     22.569
   111.803     22.624
   111.811     22.678
   111.842     22.682
14 广东县边界270
   112.795     22.481
   112.798     22.556
   112.798     22.556
   112.838     22.541
   112.894     22.572
   112.894     22.572
   112.931     22.559
   112.971     22.582
   112.966     22.606
   112.918     22.621
   112.969     22.655
   112.978     22.690
   113.016     22.708
   113.031     22.810
11 广东县边界271
   112.509     22.604
   112.591     22.556
   112.609     22.565
   112.608     22.606
   112.608     22.606
   112.637     22.582
   112.689     22.579
   112.713     22.593
   112.713     22.593
   112.754     22.484
   112.795     22.481
2 广东县边界272
   112.813     22.457
   112.795     22.481
24 广东县边界273
   111.086     22.697
   111.123     22.701
   111.123     22.701
   111.156     22.619
   111.234     22.589
   111.281     22.595
   111.281     22.595
   111.320     22.559
   111.286     22.539
   111.270     22.500
   111.325     22.522
   111.325     22.522
   111.404     22.515
   111.415     22.432
   111.469     22.445
   111.469     22.497
   111.469     22.497
   111.522     22.492
   111.592     22.555
   111.592     22.555
   111.625     22.530
   111.618     22.507
   111.665     22.507
   111.683     22.483
2 广东县边界274
   113.540     22.425
   113.738     22.492
10 广东县边界275
   112.237     22.423
   112.250     22.502
   112.298     22.517
   112.300     22.557
   112.354     22.559
   112.419     22.655
   112.419     22.655
   112.435     22.609
   112.470     22.594
   112.509     22.604
5 广东县边界276
   112.765     22.402
   112.756     22.443
   112.756     22.443
   112.795     22.431
   112.813     22.457
3 广东县边界277
   113.183     22.548
   113.237     22.487
   113.262     22.402
8 广东县边界278
   111.964     22.626
   111.994     22.584
   111.969     22.542
   111.996     22.478
   112.041     22.461
   112.080     22.418
   112.143     22.413
   112.158     22.397
3 广东县边界279
   112.158     22.397
   112.175     22.387
   112.237     22.423
5 广东县边界280
   113.179     22.372
   113.157     22.425
   113.157     22.425
   113.185     22.404
   113.262     22.402
8 广东县边界281
   114.007     22.490
   113.940     22.422
   113.907     22.409
   113.925     22.371
   113.953     22.369
   113.975     22.398
   113.975     22.398
   113.999     22.368
2 广东县边界282
   113.738     22.492
   113.765     22.367
2 广东县边界283
   113.999     22.368
   114.000     22.366
34 广东县边界284
   114.325     22.378
   114.391     22.365
   114.390     22.392
   114.371     22.396
   114.404     22.414
   114.401     22.434
   114.365     22.457
   114.365     22.457
   114.356     22.424
   114.340     22.428
   114.341     22.475
   114.341     22.475
   114.274     22.446
   114.288     22.427
   114.274     22.413
   114.267     22.432
   114.244     22.436
   114.244     22.436
   114.191     22.379
   114.213     22.417
   114.163     22.453
   114.231     22.470
   114.231     22.470
   114.252     22.450
   114.336     22.506
   114.336     22.506
   114.274     22.505
   114.283     22.529
   114.283     22.529
   114.264     22.526
   114.257     22.549
   114.257     22.549
   114.215     22.525
   114.246     22.560
2 广东县边界285
   113.183     22.349
   113.179     22.372
5 广东县边界286
   114.366     22.341
   114.338     22.371
   114.338     22.371
   114.375     22.357
   114.366     22.341
5 广东县边界287
   114.326     22.327
   114.304     22.349
   114.310     22.376
   114.310     22.376
   114.326     22.327
6 广东县边界288
   114.094     22.326
   114.079     22.356
   114.098     22.362
   114.098     22.362
   114.111     22.347
   114.094     22.326
2 广东县边界289
   113.184     22.317
   113.183     22.349
2 广东县边界290
   113.262     22.402
   113.321     22.312
7 广东县边界291
   114.000     22.322
   114.058     22.337
   114.058     22.337
   114.054     22.318
   114.017     22.306
   114.020     22.268
   114.000     22.266
28 广东县边界292
   114.000     22.366
   114.029     22.355
   114.116     22.373
   114.116     22.373
   114.135     22.338
   114.159     22.331
   114.170     22.294
   114.196     22.317
   114.196     22.317
   114.210     22.307
   114.204     22.329
   114.204     22.329
   114.245     22.287
   114.254     22.326
   114.254     22.326
   114.277     22.268
   114.297     22.261
   114.307     22.310
   114.256     22.357
   114.264     22.369
   114.264     22.369
   114.276     22.354
   114.283     22.394
   114.283     22.394
   114.302     22.382
   114.324     22.394
   114.324     22.394
   114.325     22.378
7 广东县边界293
   112.158     22.397
   112.142     22.342
   112.108     22.356
   112.108     22.356
   112.067     22.348
   112.062     22.292
   112.001     22.255
8 广东县边界294
   111.377     22.249
   111.420     22.275
   111.420     22.275
   111.452     22.273
   111.460     22.323
   111.511     22.368
   111.600     22.381
   111.683     22.483
5 广东县边界295
   114.276     22.247
   114.298     22.253
   114.298     22.253
   114.288     22.239
   114.276     22.247
2 广东县边界296
   114.000     22.266
   114.000     22.238
2 广东县边界297
   113.801     22.313
   113.831     22.227
3 广东县边界298
   113.321     22.312
   113.341     22.255
   113.381     22.223
5 广东县边界299
   114.210     22.216
   114.194     22.237
   114.194     22.237
   114.169     22.231
   114.149     22.249
3 广东县边界300
   114.000     22.238
   114.022     22.227
   114.000     22.213
3 广东县边界301
   113.099     22.212
   113.162     22.242
   113.184     22.317
5 广东县边界302
   113.853     22.201
   113.979     22.239
   113.979     22.239
   113.981     22.216
   114.000     22.213
7 广东县边界303
   114.000     22.322
   113.982     22.297
   113.935     22.278
   113.900     22.294
   113.900     22.294
   113.845     22.238
   113.853     22.201
5 广东县边界304
   114.024     22.198
   114.030     22.221
   114.030     22.221
   114.040     22.206
   114.024     22.198
7 广东县边界305
   113.422     22.197
   113.509     22.263
   113.469     22.303
   113.491     22.346
   113.481     22.388
   113.493     22.420
   113.540     22.425
2 广东县边界306
   113.381     22.223
   113.422     22.197
11 广东县边界307
   114.149     22.249
   114.120     22.269
   114.126     22.285
   114.196     22.294
   114.196     22.294
   114.239     22.280
   114.260     22.212
   114.244     22.208
   114.225     22.240
   114.225     22.240
   114.225     22.194
2 广东县边界308
   114.225     22.194
   114.210     22.216
22 广东县边界309
   110.783     22.285
   110.780     22.211
   110.823     22.222
   110.823     22.222
   110.862     22.191
   110.917     22.205
   110.960     22.237
   110.960     22.237
   111.009     22.236
   111.046     22.274
   111.046     22.274
   111.077     22.243
   111.160     22.267
   111.160     22.267
   111.193     22.253
   111.234     22.286
   111.234     22.286
   111.271     22.275
   111.312     22.309
   111.312     22.309
   111.359     22.288
   111.377     22.249
2 广东县边界310
   113.419     22.187
   113.422     22.197
8 广东县边界311
   114.116     22.184
   114.118     22.241
   114.118     22.241
   114.131     22.206
   114.160     22.207
   114.160     22.207
   114.136     22.177
   114.116     22.184
6 广东县边界312
   114.257     22.158
   114.249     22.168
   114.269     22.181
   114.269     22.181
   114.277     22.165
   114.257     22.158
13 广东县边界313
   112.395     22.135
   112.423     22.219
   112.491     22.263
   112.475     22.358
   112.475     22.358
   112.516     22.355
   112.523     22.405
   112.471     22.420
   112.442     22.470
   112.385     22.498
   112.385     22.498
   112.301     22.395
   112.237     22.423
4 广东县边界314
   113.303     22.150
   113.314     22.160
   113.314     22.160
   113.345     22.130
2 广东县边界315
   113.273     22.125
   113.303     22.150
6 广东县边界316
   112.813     22.457
   112.824     22.402
   112.900     22.360
   112.960     22.274
   112.951     22.167
   113.025     22.122
2 广东县边界317
   113.250     22.078
   113.273     22.125
2 广东县边界318
   113.210     22.059
   113.249     22.077
4 广东县边界319
   112.396     22.051
   112.367     22.064
   112.361     22.116
   112.395     22.135
8 广东县边界320
   111.283     21.991
   111.307     22.018
   111.283     22.057
   111.332     22.124
   111.326     22.172
   111.344     22.185
   111.347     22.226
   111.377     22.249
19 广东县边界321
   112.395     22.135
   112.405     22.103
   112.456     22.111
   112.456     22.111
   112.489     22.093
   112.479     22.021
   112.555     22.009
   112.601     21.966
   112.627     22.037
   112.586     22.072
   112.621     22.130
   112.568     22.264
   112.591     22.289
   112.644     22.299
   112.647     22.357
   112.647     22.357
   112.670     22.350
   112.673     22.314
   112.765     22.402
13 广东县边界322
   112.001     22.255
   112.047     22.198
   112.042     22.144
   112.017     22.118
   112.088     22.141
   112.088     22.141
   112.132     22.095
   112.188     22.068
   112.223     22.072
   112.223     22.072
   112.223     22.026
   112.322     21.972
   112.344     21.910
18 广东县边界323
   112.001     22.255
   111.950     22.258
   111.950     22.258
   111.946     22.173
   111.887     22.163
   111.867     22.078
   111.823     22.034
   111.784     22.043
   111.784     22.043
   111.776     22.004
   111.803     21.956
   111.736     21.944
   111.712     21.908
   111.667     21.891
   111.610     21.910
   111.610     21.910
   111.559     21.875
   111.423     21.844
9 广东县边界324
   111.423     21.844
   111.405     21.862
   111.405     21.862
   111.370     21.860
   111.357     21.882
   111.357     21.882
   111.333     21.878
   111.292     21.912
   111.283     21.991
17 广东县边界325
   110.965     21.764
   110.982     21.774
   110.982     21.774
   111.015     21.754
   111.068     21.794
   111.068     21.794
   111.101     21.785
   111.103     21.818
   111.079     21.849
   111.095     21.872
   111.125     21.873
   111.125     21.873
   111.185     21.832
   111.174     21.865
   111.204     21.894
   111.211     21.957
   111.283     21.991
3 广东县边界326
   111.399     21.731
   111.386     21.786
   111.423     21.844
10 广东县边界327
   110.741     21.710
   110.775     21.734
   110.764     21.778
   110.764     21.778
   110.808     21.777
   110.828     21.825
   110.828     21.825
   110.904     21.799
   110.930     21.767
   110.965     21.764
15 广东县边界328
   110.674     22.187
   110.714     22.125
   110.650     22.109
   110.650     22.090
   110.689     22.063
   110.654     22.045
   110.651     21.989
   110.613     21.964
   110.655     21.914
   110.669     21.817
   110.653     21.770
   110.686     21.737
   110.724     21.738
   110.724     21.738
   110.741     21.710
6 广东县边界329
   112.344     21.910
   112.343     21.882
   112.366     21.860
   112.334     21.821
   112.337     21.778
   112.296     21.707
3 广东县边界330
   111.399     21.731
   111.430     21.715
   111.429     21.673
2 广东县边界331
   110.741     21.710
   110.743     21.640
3 广东县边界332
   111.417     21.578
   111.410     21.599
   111.429     21.673
11 广东县边界333
   110.851     21.509
   110.905     21.529
   110.883     21.555
   110.892     21.576
   110.892     21.576
   110.940     21.576
   110.962     21.632
   110.935     21.642
   110.926     21.698
   110.968     21.720
   110.965     21.764
8 广东县边界334
   110.743     21.640
   110.759     21.650
   110.759     21.650
   110.791     21.630
   110.787     21.590
   110.813     21.578
   110.813     21.551
   110.851     21.509
18 广东县边界335
   110.382     21.893
   110.394     21.853
   110.362     21.868
   110.362     21.868
   110.341     21.837
   110.338     21.813
   110.367     21.782
   110.357     21.704
   110.405     21.683
   110.382     21.657
   110.410     21.625
   110.404     21.595
   110.435     21.596
   110.435     21.596
   110.425     21.562
   110.476     21.550
   110.479     21.527
   110.512     21.503
11 广东县边界336
   110.512     21.503
   110.548     21.500
   110.561     21.518
   110.561     21.518
   110.623     21.485
   110.652     21.507
   110.652     21.507
   110.683     21.493
   110.675     21.524
   110.722     21.539
   110.743     21.640
2 广东县边界337
   110.477     21.448
   110.512     21.503
6 广东县边界338
   110.851     21.509
   110.874     21.496
   110.896     21.431
   110.945     21.451
   110.945     21.451
   110.968     21.422
11 广东县边界339
   109.932     21.429
   109.989     21.419
   110.100     21.452
   110.100     21.452
   110.140     21.420
   110.187     21.508
   110.218     21.514
   110.218     21.514
   110.283     21.483
   110.280     21.467
   110.327     21.431
7 广东县边界340
   110.477     21.448
   110.565     21.367
   110.524     21.298
   110.588     21.263
   110.627     21.291
   110.627     21.291
   110.643     21.259
9 广东县边界341
   110.400     21.313
   110.334     21.306
   110.297     21.319
   110.297     21.319
   110.231     21.301
   110.176     21.178
   110.221     21.167
   110.224     21.139
   110.183     21.117
16 广东县边界342
   110.475     21.193
   110.497     21.198
   110.497     21.198
   110.506     21.185
   110.560     21.201
   110.560     21.201
   110.583     21.184
   110.634     21.212
   110.634     21.212
   110.557     21.093
   110.529     21.095
   110.525     21.161
   110.525     21.161
   110.486     21.142
   110.428     21.175
   110.473     21.193
4 广东县边界343
   110.174     21.117
   110.139     21.120
   110.139     21.120
   110.127     21.088
2 广东县边界344
   110.127     21.088
   110.122     21.025
14 广东县边界345
   110.127     21.088
   110.090     21.073
   110.036     21.167
   109.991     21.183
   109.991     21.183
   109.966     21.167
   109.932     21.179
   109.932     21.179
   109.882     21.166
   109.871     21.024
   109.836     21.057
   109.836     21.057
   109.764     20.999
   109.698     21.003
2 广东县边界346
   110.122     21.025
   110.147     20.990
10 广东县边界347
   110.025     20.453
   110.079     20.444
   110.122     20.545
   110.122     20.545
   110.162     20.542
   110.208     20.569
   110.208     20.569
   110.264     20.566
   110.277     20.602
   110.328     20.632
2 广东县边界348
   110.025     20.453
   110.019     20.439
2 广东县边界349
   110.019     20.439
   110.019     20.439