///////////////////////////////////////////////
//省界线
///////////////////////////////////////////////
43
1123 广东
117.190002 23.620001
117.089996 23.540001
117.070000 23.610001
117.070000 23.610001
117.010002 23.610001
116.989998 23.629999
116.989998 23.629999
116.959999 23.610001
116.970001 23.549999
117.010002 23.570000
117.010002 23.570000
117.019997 23.559999
116.980003 23.510000
116.940002 23.510000
116.940002 23.530001
116.959999 23.540001
116.959999 23.540001
116.930000 23.540001
116.910004 23.559999
116.889999 23.549999
116.889999 23.520000
116.860001 23.500000
116.870003 23.450001
116.860001 23.410000
116.830002 23.420000
116.830002 23.420000
116.809998 23.379999
116.760002 23.350000
116.760002 23.309999
116.779999 23.250000
116.809998 23.240000
116.779999 23.209999
116.750000 23.240000
116.709999 23.240000
116.650002 23.170000
116.599998 23.190001
116.550003 23.160000
116.540001 23.100000
116.559998 23.010000
116.529999 23.000000
116.500000 22.940001
116.449997 22.950001
116.449997 22.950001
116.370003 22.930000
116.290001 22.959999
116.220001 22.920000
116.139999 22.840000
116.089996 22.820000
116.080002 22.860001
116.139999 22.900000
116.080002 22.910000
116.089996 22.889999
116.059998 22.860001
116.070000 22.850000
116.000000 22.830000
115.949997 22.799999
115.959999 22.830000
115.959999 22.830000
115.949997 22.809999
115.860001 22.790001
115.820000 22.740000
115.800003 22.760000
115.790001 22.809999
115.820000 22.809999
115.809998 22.830000
115.699997 22.850000
115.690002 22.879999
115.690002 22.879999
115.669998 22.879999
115.690002 22.900000
115.690002 22.900000
115.620003 22.870001
115.519997 22.750000
115.559998 22.709999
115.570000 22.719999
115.559998 22.750000
115.599998 22.750000
115.599998 22.750000
115.559998 22.700001
115.570000 22.660000
115.470001 22.700001
115.470001 22.700001
115.389999 22.690001
115.360001 22.709999
115.339996 22.770000
115.339996 22.770000
115.360001 22.770000
115.370003 22.760000
115.410004 22.750000
115.440002 22.760000
115.419998 22.790001
115.400002 22.799999
115.400002 22.799999
115.360001 22.780001
115.320000 22.790001
115.320000 22.790001
115.230003 22.780001
115.239998 22.799999
115.269997 22.809999
115.330002 22.870001
115.320000 22.910000
115.320000 22.910000
115.309998 22.870001
115.260002 22.830000
115.180000 22.820000
115.169998 22.799999
115.190002 22.780001
115.139999 22.809999
115.059998 22.790001
115.019997 22.820000
115.019997 22.820000
115.040001 22.790001
115.029999 22.770000
115.040001 22.770000
115.040001 22.770000
115.040001 22.760000
115.019997 22.730000
115.029999 22.709999
114.980003 22.690001
114.959999 22.700001
114.940002 22.770000
114.940002 22.770000
114.910004 22.740000
114.870003 22.760000
114.870003 22.760000
114.889999 22.740000
114.879997 22.730000
114.919998 22.730000
114.919998 22.730000
114.970001 22.680000
114.919998 22.639999
114.900002 22.590000
114.919998 22.559999
114.879997 22.549999
114.889999 22.580000
114.879997 22.600000
114.879997 22.600000
114.750000 22.590000
114.739998 22.610001
114.730003 22.660000
114.750000 22.690001
114.739998 22.730000
114.820000 22.799999
114.769997 22.840000
114.769997 22.840000
114.769997 22.790001
114.739998 22.780001
114.709999 22.790001
114.559998 22.740000
114.559998 22.730000
114.519997 22.730000
114.559998 22.719999
114.570000 22.700001
114.519997 22.709999
114.519997 22.709999
114.540001 22.690001
114.510002 22.670000
114.500000 22.639999
114.589996 22.650000
114.589996 22.650000
114.580002 22.620001
114.510002 22.600000
114.489998 22.570000
114.519997 22.549999
114.519997 22.570000
114.540001 22.570000
114.540001 22.570000
114.570000 22.549999
114.610001 22.540001
114.629997 22.510000
114.540001 22.480000
114.510002 22.450001
114.480003 22.480000
114.480003 22.530001
114.430000 22.570000
114.419998 22.610001
114.370003 22.610001
114.370003 22.610001
114.339996 22.590000
114.320000 22.610001
114.320000 22.610001
114.199997 22.500000
114.300003 22.450001
114.199997 22.400000
114.199997 22.350000
114.349998 22.420000
114.400002 22.350000
114.300003 22.350000
114.269997 22.280001
114.300003 22.200001
114.199997 22.299999
114.000000 22.309999
113.930000 22.379999
114.000000 22.510000
114.040001 22.510000
114.000000 22.530001
114.000000 22.530001
113.949997 22.530001
113.930000 22.530001
113.940002 22.490000
113.919998 22.490000
113.919998 22.490000
113.889999 22.469999
113.870003 22.500000
113.910004 22.520000
113.889999 22.549999
113.870003 22.570000
113.839996 22.590000
113.809998 22.650000
113.779999 22.709999
113.769997 22.740000
113.720001 22.770000
113.709999 22.750000
113.639999 22.760000
113.620003 22.760000
113.559998 22.730000
113.580002 22.690001
113.599998 22.680000
113.589996 22.639999
113.570000 22.629999
113.559998 22.610001
113.559998 22.620001
113.559998 22.590000
113.559998 22.580000
113.570000 22.559999
113.570000 22.530001
113.570000 22.510000
113.559998 22.459999
113.540001 22.420000
113.540001 22.400000
113.559998 22.379999
113.620003 22.379999
113.589996 22.340000
113.610001 22.320000
113.589996 22.290001
113.589996 22.250000
113.559998 22.230000
113.570000 22.200001
113.550003 22.190001
113.529999 22.180000
113.540001 22.209999
113.519997 22.250000
113.519997 22.250000
113.480003 22.230000
113.519997 22.240000
113.519997 22.240000
113.529999 22.200001
113.510002 22.170000
113.459999 22.170000
113.459999 22.180000
113.419998 22.190001
113.410004 22.190001
113.389999 22.190001
113.389999 22.190001
113.370003 22.170000
113.349998 22.129999
113.309998 22.070000
113.279999 22.040001
113.260002 22.080000
113.250000 22.080000
113.250000 22.080000
113.269997 22.059999
113.250000 22.040001
113.260002 22.040001
113.260002 22.040001
113.239998 22.020000
113.250000 22.010000
113.220001 22.010000
113.190002 21.959999
113.190002 22.030001
113.209999 22.059999
113.190002 22.059999
113.139999 22.070000
113.110001 22.080000
113.120003 22.110001
113.129997 22.150000
113.129997 22.190001
113.099998 22.209999
113.059998 22.180000
113.019997 22.139999
113.029999 22.120001
113.000000 22.090000
113.000000 22.070000
113.010002 22.030001
113.000000 22.020000
113.019997 21.980000
113.029999 21.950001
112.980003 21.910000
112.980003 21.889999
112.930000 21.870001
112.900002 21.850000
112.870003 21.889999
112.879997 21.920000
112.860001 21.959999
112.820000 21.969999
112.820000 21.950001
112.769997 21.950001
112.739998 21.930000
112.750000 21.889999
112.720001 21.900000
112.720001 21.900000
112.690002 21.850000
112.680000 21.850000
112.650002 21.850000
112.650002 21.790001
112.620003 21.790001
112.629997 21.770000
112.589996 21.760000
112.559998 21.760000
112.540001 21.780001
112.500000 21.799999
112.500000 21.820000
112.500000 21.820000
112.489998 21.809999
112.489998 21.820000
112.480003 21.820000
112.419998 21.840000
112.430000 21.870001
112.449997 21.870001
112.430000 21.879999
112.419998 21.910000
112.500000 21.930000
112.519997 21.950001
112.500000 21.980000
112.500000 21.980000
112.470001 21.969999
112.489998 21.950001
112.410004 21.930000
112.379997 21.990000
112.410004 22.010000
112.389999 22.020000
112.419998 22.059999
112.419998 22.059999
112.400002 22.059999
112.400002 22.080000
112.400002 22.049999
112.379997 22.040001
112.370003 21.990000
112.379997 21.930000
112.389999 21.910000
112.419998 21.780001
112.400002 21.740000
112.370003 21.730000
112.349998 21.709999
112.339996 21.719999
112.339996 21.719999
112.300003 21.709999
112.239998 21.709999
112.239998 21.740000
112.209999 21.740000
112.209999 21.740000
112.190002 21.740000
112.199997 21.770000
112.220001 21.809999
112.220001 21.820000
112.220001 21.850000
112.220001 21.850000
112.209999 21.840000
112.209999 21.820000
112.209999 21.820000
112.169998 21.820000
112.169998 21.820000
112.199997 21.809999
112.199997 21.799999
112.180000 21.809999
112.180000 21.809999
112.110001 21.799999
112.040001 21.790001
112.029999 21.809999
112.050003 21.860001
112.050003 21.879999
112.050003 21.860001
112.029999 21.850000
112.010002 21.830000
112.010002 21.820000
112.019997 21.790001
112.000000 21.780001
111.959999 21.790001
112.000000 21.770000
112.019997 21.780001
112.019997 21.780001
112.029999 21.760000
111.989998 21.760000
111.930000 21.719999
111.919998 21.700001
111.940002 21.639999
111.989998 21.660000
111.989998 21.660000
112.019997 21.639999
112.000000 21.620001
111.949997 21.600000
111.919998 21.610001
111.919998 21.610001
111.860001 21.559999
111.849998 21.570000
111.849998 21.570000
111.809998 21.559999
111.830002 21.580000
111.820000 21.590000
111.849998 21.600000
111.860001 21.620001
111.839996 21.650000
111.839996 21.650000
111.879997 21.650000
111.919998 21.660000
111.889999 21.690001
111.860001 21.680000
111.820000 21.709999
111.849998 21.740000
111.849998 21.770000
111.809998 21.750000
111.779999 21.790001
111.769997 21.760000
111.750000 21.780001
111.750000 21.780001
111.720001 21.760000
111.709999 21.790001
111.690002 21.770000
111.680000 21.790001
111.639999 21.760000
111.690002 21.770000
111.690002 21.770000
111.730003 21.730000
111.730003 21.719999
111.750000 21.730000
111.750000 21.730000
111.790001 21.709999
111.779999 21.680000
111.760002 21.670000
111.790001 21.670000
111.790001 21.670000
111.779999 21.639999
111.739998 21.639999
111.790001 21.620001
111.690002 21.590000
111.669998 21.570000
111.669998 21.530001
111.639999 21.510000
111.620003 21.530001
111.629997 21.530001
111.589996 21.549999
111.610001 21.530001
111.540001 21.510000
111.540001 21.530001
111.540001 21.530001
111.480003 21.500000
111.459999 21.520000
111.489998 21.530001
111.470001 21.530001
111.480003 21.549999
111.449997 21.549999
111.440002 21.600000
111.440002 21.600000
111.419998 21.580000
111.410004 21.570000
111.449997 21.530001
111.400002 21.530001
111.400002 21.530001
111.410004 21.520000
111.279999 21.420000
111.250000 21.420000
111.250000 21.459999
111.250000 21.459999
111.279999 21.430000
111.279999 21.459999
111.309998 21.480000
111.300003 21.500000
111.300003 21.500000
111.279999 21.490000
111.250000 21.490000
111.260002 21.510000
111.260002 21.510000
111.230003 21.500000
111.230003 21.530001
111.220001 21.510000
111.209999 21.530001
111.209999 21.530001
111.209999 21.510000
111.190002 21.520000
111.160004 21.520000
111.199997 21.510000
111.169998 21.490000
111.220001 21.500000
111.220001 21.500000
111.230003 21.480000
111.099998 21.459999
111.080002 21.480000
111.139999 21.500000
111.089996 21.510000
111.040001 21.520000
111.029999 21.540001
111.000000 21.490000
111.010002 21.480000
111.010002 21.459999
111.029999 21.480000
111.050003 21.490000
111.050003 21.490000
111.080002 21.469999
110.970001 21.420000
110.940002 21.420000
110.870003 21.389999
110.849998 21.389999
110.830002 21.389999
110.800003 21.410000
110.720001 21.360001
110.639999 21.260000
110.639999 21.250000
110.639999 21.250000
110.629997 21.219999
110.500000 21.209999
110.470001 21.200001
110.470001 21.200001
110.470001 21.200001
110.449997 21.190001
110.430000 21.200001
110.449997 21.240000
110.430000 21.250000
110.430000 21.280001
110.430000 21.280001
110.470001 21.280001
110.489998 21.260000
110.480003 21.280001
110.510002 21.299999
110.510002 21.299999
110.449997 21.299999
110.489998 21.330000
110.489998 21.330000
110.470001 21.320000
110.459999 21.340000
110.459999 21.340000
110.449997 21.320000
110.430000 21.309999
110.430000 21.350000
110.459999 21.420000
110.459999 21.420000
110.410004 21.379999
110.379997 21.410000
110.379997 21.430000
110.400002 21.450001
110.379997 21.450001
110.379997 21.469999
110.379997 21.469999
110.370003 21.440001
110.330002 21.430000
110.360001 21.430000
110.400002 21.370001
110.410004 21.330000
110.389999 21.330000
110.400002 21.309999
110.410004 21.280001
110.389999 21.270000
110.419998 21.230000
110.400002 21.160000
110.320000 21.090000
110.330002 21.080000
110.400002 21.090000
110.400002 21.090000
110.430000 21.049999
110.500000 21.059999
110.489998 21.070000
110.529999 21.080000
110.529999 21.080000
110.550003 21.059999
110.519997 20.920000
110.500000 20.920000
110.500000 20.959999
110.459999 21.000000
110.459999 21.000000
110.379997 20.990000
110.250000 20.959999
110.290001 21.020000
110.320000 21.030001
110.320000 21.049999
110.349998 21.070000
110.349998 21.070000
110.300003 21.059999
110.309998 21.090000
110.279999 21.120001
110.260002 21.090000
110.239998 21.110001
110.230003 21.040001
110.209999 21.120001
110.180000 21.120001
110.180000 21.120001
110.169998 21.139999
110.169998 21.129999
110.120003 21.160000
110.169998 21.120001
110.180000 21.110001
110.169998 21.100000
110.209999 21.100000
110.209999 21.070000
110.180000 21.030001
110.190002 21.010000
110.150002 20.990000
110.160004 20.910000
110.190002 20.850000
110.180000 20.850000
110.169998 20.860001
110.160004 20.870001
110.160004 20.870001
110.129997 20.860001
110.139999 20.850000
110.169998 20.860001
110.169998 20.860001
110.160004 20.840000
110.209999 20.840000
110.209999 20.850000
110.220001 20.860001
110.220001 20.860001
110.250000 20.840000
110.309998 20.850000
110.309998 20.850000
110.330002 20.830000
110.360001 20.820000
110.379997 20.780001
110.389999 20.750000
110.379997 20.750000
110.379997 20.750000
110.389999 20.730000
110.370003 20.709999
110.339996 20.730000
110.330002 20.780001
110.330002 20.780001
110.320000 20.750000
110.300003 20.750000
110.300003 20.750000
110.300003 20.730000
110.330002 20.730000
110.330002 20.730000
110.320000 20.700001
110.290001 20.680000
110.290001 20.660000
110.279999 20.650000
110.320000 20.680000
110.320000 20.680000
110.330002 20.629999
110.370003 20.650000
110.389999 20.660000
110.389999 20.660000
110.370003 20.639999
110.400002 20.620001
110.389999 20.600000
110.449997 20.559999
110.470001 20.580000
110.470001 20.580000
110.510002 20.520000
110.529999 20.480000
110.519997 20.420000
110.500000 20.410000
110.440002 20.340000
110.400002 20.309999
110.360001 20.299999
110.320000 20.260000
110.290001 20.260000
110.290001 20.260000
110.279999 20.240000
110.250000 20.270000
110.209999 20.280001
110.230003 20.260000
110.190002 20.270000
110.190002 20.270000
110.190002 20.250000
110.120003 20.250000
110.120003 20.260000
110.070000 20.280001
110.059998 20.290001
110.059998 20.290001
110.010002 20.290001
109.970001 20.290001
109.930000 20.240000
109.919998 20.240000
109.919998 20.270000
109.940002 20.290001
109.930000 20.350000
109.919998 20.340000
109.889999 20.360001
109.870003 20.379999
109.889999 20.389999
109.860001 20.410000
109.860001 20.410000
109.889999 20.400000
109.900002 20.440001
109.900002 20.440001
109.910004 20.420000
109.970001 20.400000
109.959999 20.379999
109.980003 20.340000
109.989998 20.350000
110.010002 20.370001
110.040001 20.379999
110.029999 20.389999
110.029999 20.389999
110.010002 20.379999
110.000000 20.360001
109.980003 20.360001
110.019997 20.440001
109.980003 20.440001
109.970001 20.469999
109.970001 20.469999
109.949997 20.440001
109.930000 20.520000
109.930000 20.520000
109.919998 20.510000
109.930000 20.450001
109.919998 20.440001
109.910004 20.480000
109.820000 20.510000
109.820000 20.540001
109.860001 20.549999
109.830002 20.559999
109.849998 20.590000
109.830002 20.570000
109.800003 20.629999
109.750000 20.629999
109.739998 20.660000
109.769997 20.690001
109.769997 20.690001
109.800003 20.680000
109.849998 20.719999
109.790001 20.719999
109.790001 20.690001
109.779999 20.709999
109.779999 20.709999
109.769997 20.709999
109.750000 20.740000
109.760002 20.770000
109.760002 20.770000
109.769997 20.770000
109.750000 20.820000
109.750000 20.820000
109.760002 20.809999
109.760002 20.840000
109.730003 20.860001
109.730003 20.799999
109.669998 20.870001
109.669998 20.950001
109.680000 20.950001
109.669998 20.969999
109.690002 21.010000
109.690002 21.010000
109.680000 21.000000
109.699997 21.000000
109.709999 21.059999
109.669998 21.110001
109.680000 21.129999
109.730003 21.190001
109.730003 21.190001
109.730003 21.160000
109.769997 21.150000
109.739998 21.180000
109.769997 21.219999
109.769997 21.260000
109.760002 21.350000
109.760002 21.350000
109.779999 21.340000
109.830002 21.350000
109.889999 21.360001
109.889999 21.360001
109.970001 21.340000
109.900002 21.379999
109.900002 21.400000
109.930000 21.430000
109.970001 21.469999
109.949997 21.469999
109.949997 21.469999
109.930000 21.440001
109.910004 21.450001
109.949997 21.480000
109.930000 21.480000
109.930000 21.480000
109.919998 21.480000
109.870003 21.469999
109.839996 21.480000
109.849998 21.520000
109.809998 21.459999
109.800003 21.469999
109.800003 21.549999
109.779999 21.530001
109.769997 21.549999
109.779999 21.590000
109.739998 21.590000
109.760002 21.670000
109.800003 21.639999
109.900002 21.660000
109.930000 21.750000
109.930000 21.830000
109.980003 21.879999
109.980003 21.879999
110.059998 21.860001
110.120003 21.900000
110.120003 21.900000
110.239998 21.879999
110.300003 21.910000
110.320000 21.889999
110.379997 21.889999
110.379997 21.959999
110.349998 21.990000
110.349998 22.100000
110.360001 22.129999
110.320000 22.170000
110.349998 22.200001
110.349998 22.200001
110.379997 22.170000
110.419998 22.209999
110.489998 22.150000
110.519997 22.150000
110.550003 22.190001
110.550003 22.190001
110.589996 22.190001
110.629997 22.150000
110.669998 22.190001
110.639999 22.230000
110.690002 22.250000
110.690002 22.280001
110.720001 22.299999
110.720001 22.299999
110.760002 22.280001
110.779999 22.280001
110.739998 22.360001
110.709999 22.370001
110.709999 22.440001
110.680000 22.480000
110.739998 22.469999
110.750000 22.559999
110.760002 22.580000
110.760002 22.580000
110.800003 22.559999
110.820000 22.590000
110.889999 22.590000
110.900002 22.610001
110.940002 22.610001
110.959999 22.650000
111.050003 22.650000
111.089996 22.700001
111.050003 22.730000
111.220001 22.760000
111.279999 22.809999
111.370003 22.940001
111.360001 22.969999
111.389999 22.990000
111.389999 23.010000
111.430000 23.049999
111.370003 23.090000
111.370003 23.160000
111.389999 23.170000
111.349998 23.290001
111.370003 23.320000
111.360001 23.340000
111.379997 23.400000
111.400002 23.469999
111.449997 23.500000
111.480003 23.570000
111.480003 23.629999
111.610001 23.650000
111.620003 23.680000
111.660004 23.709999
111.610001 23.730000
111.639999 23.809999
111.660004 23.830000
111.680000 23.820000
111.699997 23.840000
111.699997 23.840000
111.800003 23.820000
111.820000 23.850000
111.809998 23.889999
111.860001 23.920000
111.849998 23.950001
111.849998 23.950001
111.889999 23.940001
111.930000 23.969999
111.919998 24.000000
111.910004 24.040001
111.870003 24.090000
111.870003 24.209999
111.870003 24.230000
111.930000 24.240000
111.949997 24.270000
111.949997 24.270000
111.970001 24.260000
112.019997 24.299999
112.059998 24.360001
111.980003 24.469999
112.000000 24.549999
111.940002 24.590000
111.919998 24.629999
111.949997 24.650000
111.940002 24.690001
111.949997 24.719999
112.019997 24.740000
112.099998 24.830000
112.099998 24.830000
112.150002 24.820000
112.160004 24.910000
112.110001 24.969999
112.139999 25.020000
112.139999 25.049999
112.199997 25.200001
112.199997 25.200001
112.250000 25.160000
112.290001 25.160000
112.360001 25.190001
112.400002 25.139999
112.440002 25.180000
112.440002 25.180000
112.459999 25.150000
112.540001 25.129999
112.650002 25.129999
112.720001 25.059999
112.699997 25.010000
112.739998 25.000000
112.739998 24.959999
112.779999 24.940001
112.769997 24.900000
112.989998 24.920000
113.000000 24.959999
113.000000 24.990000
112.980003 25.000000
112.970001 25.030001
113.010002 25.080000
112.959999 25.160000
113.029999 25.190001
113.019997 25.209999
112.970001 25.250000
112.970001 25.250000
112.889999 25.240000
112.860001 25.250000
112.849998 25.330000
112.889999 25.340000
112.889999 25.340000
112.900002 25.309999
112.919998 25.299999
112.940002 25.340000
113.010002 25.350000
113.080002 25.379999
113.099998 25.420000
113.099998 25.420000
113.120003 25.410000
113.120003 25.450001
113.150002 25.490000
113.150002 25.490000
113.190002 25.480000
113.230003 25.510000
113.230003 25.510000
113.279999 25.500000
113.290001 25.520000
113.300003 25.450001
113.349998 25.440001
113.360001 25.400000
113.410004 25.389999
113.440002 25.360001
113.500000 25.370001
113.500000 25.370001
113.519997 25.350000
113.540001 25.370001
113.540001 25.370001
113.580002 25.340000
113.570000 25.320000
113.669998 25.330000
113.680000 25.350000
113.750000 25.360001
113.750000 25.360001
113.760002 25.330000
113.809998 25.330000
113.879997 25.389999
113.879997 25.440001
113.879997 25.440001
113.930000 25.440001
113.959999 25.459999
113.989998 25.440001
113.980003 25.400000
114.000000 25.400000
114.040001 25.360001
114.010002 25.299999
114.000000 25.280001
114.029999 25.250000
114.120003 25.309999
114.150002 25.320000
114.150002 25.320000
114.220001 25.280001
114.279999 25.280001
114.300003 25.290001
114.300003 25.330000
114.300003 25.330000
114.379997 25.320000
114.419998 25.340000
114.440002 25.389999
114.440002 25.389999
114.480003 25.379999
114.529999 25.420000
114.529999 25.420000
114.559998 25.410000
114.629997 25.330000
114.699997 25.320000
114.730003 25.280001
114.739998 25.240000
114.699997 25.219999
114.680000 25.170000
114.709999 25.160000
114.730003 25.129999
114.709999 25.110001
114.669998 25.110001
114.669998 25.110001
114.639999 25.080000
114.589996 25.070000
114.559998 25.090000
114.559998 25.090000
114.529999 25.020000
114.389999 24.950001
114.379997 24.910000
114.389999 24.879999
114.330002 24.809999
114.339996 24.790001
114.330002 24.750000
114.269997 24.700001
114.169998 24.680000
114.180000 24.660000
114.279999 24.629999
114.300003 24.570000
114.339996 24.590000
114.339996 24.590000
114.370003 24.570000
114.400002 24.500000
114.430000 24.490000
114.529999 24.549999
114.529999 24.549999
114.589996 24.530001
114.599998 24.559999
114.650002 24.580000
114.650002 24.580000
114.680000 24.540001
114.699997 24.530001
114.730003 24.570000
114.720001 24.610001
114.720001 24.610001
114.800003 24.600000
114.860001 24.559999
114.910004 24.660000
114.910004 24.660000
114.940002 24.650000
114.980003 24.670000
114.980003 24.670000
115.019997 24.670000
115.059998 24.700001
115.059998 24.700001
115.110001 24.670000
115.180000 24.700001
115.290001 24.760000
115.290001 24.760000
115.349998 24.740000
115.360001 24.770000
115.410004 24.780001
115.410004 24.780001
115.470001 24.760000
115.540001 24.680000
115.559998 24.650000
115.570000 24.620001
115.620003 24.620001
115.620003 24.620001
115.669998 24.600000
115.709999 24.540001
115.730003 24.540001
115.830002 24.570000
115.760002 24.670000
115.800003 24.690001
115.750000 24.750000
115.809998 24.900000
115.809998 24.900000
115.839996 24.900000
115.860001 24.870001
115.900002 24.879999
115.879997 24.940001
115.970001 24.920000
115.989998 24.900000
116.029999 24.900000
116.050003 24.860001
116.089996 24.860001
116.139999 24.840000
116.190002 24.860001
116.190002 24.860001
116.220001 24.830000
116.250000 24.830000
116.230003 24.799999
116.239998 24.790001
116.300003 24.799999
116.339996 24.830000
116.349998 24.870001
116.389999 24.870001
116.410004 24.840000
116.370003 24.820000
116.370003 24.799999
116.419998 24.770000
116.419998 24.740000
116.489998 24.700001
116.510002 24.610001
116.540001 24.610001
116.589996 24.650000
116.750000 24.660000
116.790001 24.680000
116.790001 24.680000
116.809998 24.639999
116.750000 24.549999
116.790001 24.500000
116.839996 24.480000
116.849998 24.450001
116.839996 24.450001
116.839996 24.430000
116.900002 24.379999
116.930000 24.230000
116.980003 24.190001
116.980003 24.170000
116.930000 24.120001
116.919998 24.090000
116.930000 24.059999
116.940002 24.059999
116.940002 24.059999
116.940002 24.030001
116.980003 24.000000
116.959999 23.910000
116.989998 23.860001
117.010002 23.840000
117.050003 23.700001
117.190002 23.620001
6  广东岛屿
114.199997 22.180000
114.269997 22.190001
114.269997 22.219999
114.199997 22.219999
114.129997 22.200001
114.199997 22.180000
5 广东岛屿
114.050003 22.299999
113.900002 22.200001
113.870003 22.150000
114.000000 22.160000
114.050003 22.299999
11 广东岛屿
113.529999 22.139999
113.529999 22.160000
113.529999 22.160000
113.489998 22.150000
113.470001 22.129999
113.480003 22.120001
113.459999 22.100000
113.489998 22.100000
113.480003 22.080000
113.550003 22.080000
113.529999 22.139999
14 广东岛屿
113.330002 22.049999
113.330002 22.070000
113.379997 22.090000
113.379997 22.090000
113.379997 22.070000
113.410004 22.080000
113.410004 22.080000
113.389999 22.049999
113.389999 22.010000
113.370003 21.990000
113.349998 22.010000
113.349998 22.010000
113.300003 22.000000
113.330002 22.049999
4 广东岛屿
110.410004 20.690001
110.410004 20.709999
110.430000 20.690001
110.410004 20.690001
5 广东岛屿
117.029999 23.559999
117.010002 23.580000
117.010002 23.580000
117.040001 23.580000
117.029999 23.559999
16 广东岛屿
116.940002 23.440001
116.980003 23.459999
116.980003 23.459999
117.019997 23.440001
117.059998 23.480000
117.059998 23.480000
117.089996 23.459999
117.129997 23.490000
117.129997 23.490000
117.129997 23.459999
117.150002 23.440001
117.129997 23.440001
117.139999 23.410000
117.120003 23.389999
116.949997 23.420000
116.940002 23.440001
5 广东岛屿
114.629997 22.480000
114.610001 22.469999
114.629997 22.450001
114.660004 22.469999
114.629997 22.480000
5 广东岛屿
113.790001 22.420000
113.809998 22.430000
113.809998 22.430000
113.820000 22.400000
113.790001 22.420000
6 广东岛屿
113.650002 22.440001
113.639999 22.400000
113.610001 22.400000
113.639999 22.440001
113.639999 22.440001
113.650002 22.440001
5 广东岛屿
113.580002 22.160000
113.540001 22.160000
113.540001 22.170000
113.540001 22.170000
113.580002 22.160000
5 广东岛屿
113.699997 22.129999
113.699997 22.150000
113.699997 22.150000
113.720001 22.150000
113.699997 22.129999
6 广东岛屿
113.820000 22.120001
113.839996 22.139999
113.830002 22.150000
113.830002 22.150000
113.809998 22.139999
113.820000 22.120001
6 广东岛屿
113.570000 22.110001
113.550003 22.110001
113.559998 22.139999
113.559998 22.139999
113.599998 22.139999
113.570000 22.110001
4 广东岛屿
113.709999 22.100000
113.709999 22.090000
113.690002 22.100000
113.709999 22.100000
5 广东岛屿
114.050003 22.090000
114.019997 22.110001
114.040001 22.110001
114.040001 22.110001
114.050003 22.090000
5 广东岛屿
113.940002 22.040001
113.919998 22.040001
113.919998 22.059999
113.919998 22.059999
113.940002 22.040001
6 广东岛屿
113.709999 22.030001
113.730003 22.020000
113.699997 22.010000
113.690002 22.030001
113.690002 22.030001
113.709999 22.030001
6 广东岛屿
114.220001 22.010000
114.190002 22.010000
114.190002 22.010000
114.180000 22.000000
114.209999 22.000000
114.220001 22.010000
5 广东岛屿
113.830002 21.990000
113.820000 22.010000
113.820000 22.010000
113.839996 22.000000
113.830002 21.990000
6 广东岛屿
114.150002 21.980000
114.169998 22.000000
114.150002 22.000000
114.150002 22.000000
114.120003 21.990000
114.150002 21.980000
4 广东岛屿
113.760002 22.000000
113.760002 21.969999
113.739998 21.990000
113.760002 22.000000
6 广东岛屿
113.680000 21.940001
113.680000 21.959999
113.680000 21.959999
113.699997 21.959999
113.709999 21.940001
113.680000 21.940001
7 广东岛屿
113.720001 21.940001
113.720001 21.959999
113.720001 21.959999
113.750000 21.940001
113.739998 21.920000
113.709999 21.920000
113.720001 21.940001
5 广东岛屿
113.120003 21.900000
113.150002 21.940001
113.150002 21.940001
113.150002 21.920000
113.120003 21.900000
5 广东岛屿
114.029999 21.889999
114.070000 21.900000
114.059998 21.910000
114.059998 21.910000
114.029999 21.889999
7 广东岛屿
113.269997 21.879999
113.220001 21.910000
113.239998 21.950001
113.269997 21.950001
113.269997 21.950001
113.290001 21.920000
113.269997 21.879999
6 广东岛屿
113.019997 21.840000
113.000000 21.870001
113.040001 21.879999
113.040001 21.879999
113.040001 21.860001
113.019997 21.840000
10 广东岛屿
113.150002 21.860001
113.199997 21.870001
113.199997 21.870001
113.190002 21.850000
113.160004 21.850000
113.160004 21.850000
113.139999 21.840000
113.129997 21.879999
113.129997 21.879999
113.150002 21.860001
4 广东岛屿
111.800003 21.750000
111.809998 21.740000
111.800003 21.730000
111.800003 21.750000
4 广东岛屿
112.680000 21.719999
112.690002 21.700001
112.669998 21.700001
112.680000 21.719999
5 广东岛屿
111.790001 21.680000
111.790001 21.700001
111.790001 21.700001
111.809998 21.690001
111.790001 21.680000
5 广东岛屿
112.449997 21.650000
112.430000 21.670000
112.459999 21.690001
112.459999 21.690001
112.449997 21.650000
5 广东岛屿
112.879997 21.600000
112.860001 21.620001
112.860001 21.620001
112.900002 21.610001
112.879997 21.600000
5 广东岛屿
112.580002 21.590000
112.580002 21.600000
112.580002 21.600000
112.599998 21.600000
112.580002 21.590000
17 广东岛屿
112.639999 21.660000
112.660004 21.639999
112.620003 21.610001
112.570000 21.620001
112.570000 21.620001
112.540001 21.610001
112.559998 21.590000
112.529999 21.590000
112.540001 21.639999
112.580002 21.650000
112.559998 21.670000
112.599998 21.680000
112.589996 21.690001
112.660004 21.709999
112.660004 21.709999
112.660004 21.690001
112.639999 21.660000
33 广东岛屿
112.760002 21.620001
112.750000 21.590000
112.769997 21.590000
112.769997 21.590000
112.760002 21.580000
112.769997 21.570000
112.809998 21.590000
112.790001 21.620001
112.820000 21.670000
112.800003 21.700001
112.830002 21.740000
112.879997 21.750000
112.879997 21.770000
112.839996 21.780001
112.839996 21.780001
112.790001 21.760000
112.779999 21.770000
112.779999 21.770000
112.769997 21.730000
112.760002 21.719999
112.750000 21.730000
112.750000 21.730000
112.709999 21.700001
112.720001 21.690001
112.699997 21.680000
112.739998 21.670000
112.790001 21.680000
112.790001 21.680000
112.779999 21.650000
112.750000 21.660000
112.750000 21.660000
112.730003 21.620001
112.760002 21.620001
4 广东岛屿
112.190002 21.559999
112.199997 21.549999
112.180000 21.549999
112.190002 21.559999
5 广东岛屿
110.419998 21.090000
110.389999 21.110001
110.419998 21.110001
110.419998 21.110001
110.419998 21.090000
9 广东岛屿
110.589996 20.930000
110.599998 20.950001
110.599998 20.950001
110.629997 20.940001
110.629997 20.920000
110.610001 20.870001
110.570000 20.870001
110.550003 20.910000
110.589996 20.930000
9 广东岛屿
110.449997 20.650000
110.480003 20.639999
110.470001 20.580000
110.449997 20.580000
110.440002 20.629999
110.410004 20.650000
110.430000 20.670000
110.430000 20.670000
110.449997 20.650000
5 广东岛屿
110.550003 20.330000
110.580002 20.389999
110.580002 20.389999
110.589996 20.360001
110.550003 20.330000
